{"id":"unified_chip2/5381","predicted_model_label":3,"proba_base":0.019097323766450167,"proba_large":0.15892539501547484,"proba_xl":0.821977281218075}
{"id":"unified_chip2/10189","predicted_model_label":3,"proba_base":0.03,"proba_large":0.07382711273232477,"proba_xl":0.8961728872676751}
{"id":"unified_chip2/126674","predicted_model_label":3,"proba_base":0.115,"proba_large":0.02323098787943795,"proba_xl":0.8617690121205621}
{"id":"unified_chip2/18558","predicted_model_label":3,"proba_base":0.09191606157420854,"proba_large":0.12631492630522942,"proba_xl":0.781769012120562}
{"id":"unified_chip2/163004","predicted_model_label":3,"proba_base":0.05189758135052511,"proba_large":0.09219974241592506,"proba_xl":0.8559026762335498}
{"id":"unified_chip2/780","predicted_model_label":3,"proba_base":0.21572318759644024,"proba_large":0.18205626066255326,"proba_xl":0.6022205517410065}
{"id":"unified_chip2/71022","predicted_model_label":3,"proba_base":0.01,"proba_large":0.06892539501547484,"proba_xl":0.9210746049845251}
{"id":"itwgpt4/49673","predicted_model_label":3,"proba_base":0.22909732376645017,"proba_large":0.215,"proba_xl":0.5559026762335498}
{"id":"unified_chip2/65111","predicted_model_label":3,"proba_base":0.005,"proba_large":0.042968428573188305,"proba_xl":0.9520315714268116}
{"id":"unified_chip2/54424","predicted_model_label":3,"proba_base":0.06556176169932176,"proba_large":0.14746095708260323,"proba_xl":0.786977281218075}
{"id":"unified_chip2/131578","predicted_model_label":3,"proba_base":0.08215768911766848,"proba_large":0.29469793716262926,"proba_xl":0.6231443737197023}
{"id":"unified_chip2/128055","predicted_model_label":3,"proba_base":0.11909732376645017,"proba_large":0.11958189147050995,"proba_xl":0.7613207847630399}
{"id":"itwgpt4/28735","predicted_model_label":3,"proba_base":0.30909732376645016,"proba_large":0.2939253950154748,"proba_xl":0.396977281218075}
{"id":"unified_chip2/152921","predicted_model_label":3,"proba_base":0.3031050800509096,"proba_large":0.14,"proba_xl":0.5568949199490905}
{"id":"itwgpt4/2843","predicted_model_label":3,"proba_base":0.14265782856134468,"proba_large":0.1543980070446955,"proba_xl":0.7029441643939598}
{"id":"unified_chip2/65272","predicted_model_label":1,"proba_base":0.6294316546135051,"proba_large":0.05316099996409068,"proba_xl":0.3174073454224042}
{"id":"unified_chip2/80521","predicted_model_label":3,"proba_base":0.0671617067035744,"proba_large":0.25967385497480416,"proba_xl":0.6731644383216215}
{"id":"unified_chip2/47365","predicted_model_label":3,"proba_base":0.03347073395552483,"proba_large":0.035,"proba_xl":0.9315292660444752}
{"id":"unified_chip2/137974","predicted_model_label":3,"proba_base":0.07785258601466005,"proba_large":0.155,"proba_xl":0.7671474139853399}
{"id":"unified_chip2/162524","predicted_model_label":3,"proba_base":0.045,"proba_large":0.29873748834763686,"proba_xl":0.6562625116523632}
{"id":"unified_chip2/136339","predicted_model_label":3,"proba_base":0.19819464753290034,"proba_large":0.26315370776112335,"proba_xl":0.5386516447059764}
{"id":"unified_chip2/145946","predicted_model_label":3,"proba_base":0.07697863240095902,"proba_large":0.3568039881943123,"proba_xl":0.5662173794047286}
{"id":"dolly_15k/open_qa/1183","predicted_model_label":3,"proba_base":0.085,"proba_large":0.165,"proba_xl":0.75}
{"id":"unified_chip2/5028","predicted_model_label":3,"proba_base":0.02847073395552483,"proba_large":0.02,"proba_xl":0.9515292660444752}
{"id":"unified_chip2/40983","predicted_model_label":3,"proba_base":0.035,"proba_large":0.045,"proba_xl":0.92}
{"id":"itwgpt4/48487","predicted_model_label":3,"proba_base":0.325,"proba_large":0.255,"proba_xl":0.42}
{"id":"unified_chip2/110394","predicted_model_label":3,"proba_base":0.09691606157420854,"proba_large":0.0277636615030133,"proba_xl":0.875320276922778}
{"id":"itwgpt4/14728","predicted_model_label":3,"proba_base":0.2884570063214483,"proba_large":0.1593980070446955,"proba_xl":0.5521449866338562}
{"id":"unified_chip2/101370","predicted_model_label":1,"proba_base":0.6845038781422298,"proba_large":0.047850790030949664,"proba_xl":0.26764533182682065}
{"id":"unified_chip2/93523","predicted_model_label":3,"proba_base":0.0,"proba_large":0.005,"proba_xl":0.995}
{"id":"unified_chip2/43006","predicted_model_label":3,"proba_base":0.07,"proba_large":0.07,"proba_xl":0.86}
{"id":"unified_chip2/7431","predicted_model_label":3,"proba_base":0.18596918418036032,"proba_large":0.05168864438098437,"proba_xl":0.7623421714386553}
{"id":"itwgpt4/41218","predicted_model_label":3,"proba_base":0.195,"proba_large":0.255,"proba_xl":0.55}
{"id":"unified_chip2/67592","predicted_model_label":3,"proba_base":0.2,"proba_large":0.2736596215924273,"proba_xl":0.5263403784075728}
{"id":"itwgpt4/23961","predicted_model_label":3,"proba_base":0.315,"proba_large":0.2942283127456485,"proba_xl":0.3907716872543515}
{"id":"dolly_15k/open_qa/115","predicted_model_label":3,"proba_base":0.17,"proba_large":0.20892539501547483,"proba_xl":0.6210746049845252}
{"id":"itwgpt4/4480","predicted_model_label":1,"proba_base":0.44844630842111416,"proba_large":0.14105756972111552,"proba_xl":0.4104961218577703}
{"id":"itwgpt4/6395","predicted_model_label":3,"proba_base":0.31,"proba_large":0.165,"proba_xl":0.525}
{"id":"itwgpt4/32665","predicted_model_label":2,"proba_base":0.27,"proba_large":0.375,"proba_xl":0.355}
{"id":"itwgpt4/2984","predicted_model_label":3,"proba_base":0.2,"proba_large":0.205,"proba_xl":0.595}
{"id":"unified_chip2/74026","predicted_model_label":3,"proba_base":0.07974589035643459,"proba_large":0.024679723077221837,"proba_xl":0.8955743865663436}
{"id":"unified_chip2/156521","predicted_model_label":3,"proba_base":0.005,"proba_large":0.005,"proba_xl":0.99}
{"id":"unified_chip2/112359","predicted_model_label":3,"proba_base":0.015,"proba_large":0.043925395015474836,"proba_xl":0.9410746049845251}
{"id":"unified_chip2/24123","predicted_model_label":3,"proba_base":0.4437580899209332,"proba_large":0.075,"proba_xl":0.4812419100790668}
{"id":"unified_chip2/128489","predicted_model_label":3,"proba_base":0.049097323766450165,"proba_large":0.11,"proba_xl":0.8409026762335498}
{"id":"unified_chip2/109084","predicted_model_label":3,"proba_base":0.3419160615742085,"proba_large":0.16808393842579147,"proba_xl":0.49}
{"id":"unified_chip2/139244","predicted_model_label":3,"proba_base":0.2521301344280033,"proba_large":0.06722954812699479,"proba_xl":0.680640317445002}
{"id":"unified_chip2/80404","predicted_model_label":3,"proba_base":0.11847073395552483,"proba_large":0.05323098787943795,"proba_xl":0.8282982781650372}
{"id":"unified_chip2/138153","predicted_model_label":3,"proba_base":0.08,"proba_large":0.033925395015474834,"proba_xl":0.8860746049845253}
{"id":"unified_chip2/99511","predicted_model_label":3,"proba_base":0.3238614390032592,"proba_large":0.10103975234315325,"proba_xl":0.5750988086535874}
{"id":"unified_chip2/13594","predicted_model_label":3,"proba_base":0.02,"proba_large":0.17,"proba_xl":0.81}
{"id":"unified_chip2/153853","predicted_model_label":3,"proba_base":0.105,"proba_large":0.075,"proba_xl":0.82}
{"id":"unified_chip2/104051","predicted_model_label":3,"proba_base":0.025,"proba_large":0.03892539501547483,"proba_xl":0.9360746049845252}
{"id":"unified_chip2/116318","predicted_model_label":3,"proba_base":0.275,"proba_large":0.065,"proba_xl":0.66}
{"id":"itwgpt4/9037","predicted_model_label":3,"proba_base":0.27847073395552485,"proba_large":0.315,"proba_xl":0.40652926604447515}
{"id":"unified_chip2/60122","predicted_model_label":2,"proba_base":0.26,"proba_large":0.485,"proba_xl":0.255}
{"id":"itwgpt4/20169","predicted_model_label":3,"proba_base":0.34,"proba_large":0.265,"proba_xl":0.395}
{"id":"itwgpt4/23274","predicted_model_label":3,"proba_base":0.095,"proba_large":0.22,"proba_xl":0.685}
{"id":"unified_chip2/14587","predicted_model_label":3,"proba_base":0.0364644379328716,"proba_large":0.10138635209807806,"proba_xl":0.8621492099690503}
{"id":"itwgpt4/33386","predicted_model_label":3,"proba_base":0.14409732376645018,"proba_large":0.24,"proba_xl":0.6159026762335498}
{"id":"unified_chip2/112931","predicted_model_label":3,"proba_base":0.026241185828530036,"proba_large":0.04222954812699479,"proba_xl":0.9315292660444752}
{"id":"unified_chip2/2699","predicted_model_label":3,"proba_base":0.025,"proba_large":0.07785079003094968,"proba_xl":0.8971492099690503}
{"id":"itwgpt4/10241","predicted_model_label":3,"proba_base":0.2977704518730052,"proba_large":0.31222954812699477,"proba_xl":0.39}
{"id":"unified_chip2/27979","predicted_model_label":3,"proba_base":0.06,"proba_large":0.2805715031234614,"proba_xl":0.6594284968765386}
{"id":"unified_chip2/13088","predicted_model_label":1,"proba_base":0.51,"proba_large":0.24,"proba_xl":0.25}
{"id":"dolly_15k/brainstorming/935","predicted_model_label":3,"proba_base":0.075,"proba_large":0.1835445011546325,"proba_xl":0.7414554988453674}
{"id":"unified_chip2/97736","predicted_model_label":3,"proba_base":0.14909732376645018,"proba_large":0.155,"proba_xl":0.6959026762335497}
{"id":"unified_chip2/68759","predicted_model_label":3,"proba_base":0.145,"proba_large":0.135,"proba_xl":0.72}
{"id":"unified_chip2/131044","predicted_model_label":3,"proba_base":0.005,"proba_large":0.06443838986697707,"proba_xl":0.9305616101330229}
{"id":"unified_chip2/87861","predicted_model_label":3,"proba_base":0.33202798955643303,"proba_large":0.0671563828949128,"proba_xl":0.6008156275486543}
{"id":"unified_chip2/42176","predicted_model_label":3,"proba_base":0.03815724740273858,"proba_large":0.025313486552786254,"proba_xl":0.9365292660444752}
{"id":"itwgpt4/2548","predicted_model_label":3,"proba_base":0.16691606157420855,"proba_large":0.20808393842579145,"proba_xl":0.625}
{"id":"itwgpt4/26208","predicted_model_label":1,"proba_base":0.435,"proba_large":0.23,"proba_xl":0.335}
{"id":"unified_chip2/12774","predicted_model_label":3,"proba_base":0.005,"proba_large":0.0,"proba_xl":0.995}
{"id":"unified_chip2/36737","predicted_model_label":3,"proba_base":0.07965793848175973,"proba_large":0.03,"proba_xl":0.8903420615182404}
{"id":"unified_chip2/139598","predicted_model_label":3,"proba_base":0.12691606157420854,"proba_large":0.02808393842579146,"proba_xl":0.845}
{"id":"unified_chip2/157108","predicted_model_label":3,"proba_base":0.0795038781422297,"proba_large":0.211670729837412,"proba_xl":0.7088253920203584}
{"id":"unified_chip2/6812","predicted_model_label":3,"proba_base":0.039097323766450164,"proba_large":0.08892539501547483,"proba_xl":0.871977281218075}
{"id":"itwgpt4/25006","predicted_model_label":3,"proba_base":0.115,"proba_large":0.195,"proba_xl":0.69}
{"id":"unified_chip2/35175","predicted_model_label":3,"proba_base":0.04101338534065871,"proba_large":0.0420093334412663,"proba_xl":0.916977281218075}
{"id":"dolly_15k/general_qa/885","predicted_model_label":3,"proba_base":0.1230103685196752,"proba_large":0.29,"proba_xl":0.5869896314803248}
{"id":"unified_chip2/84907","predicted_model_label":3,"proba_base":0.12838049950708014,"proba_large":0.12661950049291987,"proba_xl":0.745}
{"id":"unified_chip2/103136","predicted_model_label":3,"proba_base":0.3245248411965979,"proba_large":0.055,"proba_xl":0.6204751588034021}
{"id":"unified_chip2/18378","predicted_model_label":3,"proba_base":0.005,"proba_large":0.09099172031905646,"proba_xl":0.9040082796809434}
{"id":"unified_chip2/100070","predicted_model_label":2,"proba_base":0.08,"proba_large":0.715,"proba_xl":0.205}
{"id":"unified_chip2/86951","predicted_model_label":3,"proba_base":0.1363716537816851,"proba_large":0.12162755517169029,"proba_xl":0.7420007910466246}
{"id":"unified_chip2/46998","predicted_model_label":2,"proba_base":0.0,"proba_large":0.7897012492754132,"proba_xl":0.2102987507245861}
{"id":"unified_chip2/154212","predicted_model_label":3,"proba_base":0.1695038781422297,"proba_large":0.19332340206017032,"proba_xl":0.6371727197976}
{"id":"unified_chip2/32995","predicted_model_label":3,"proba_base":0.14,"proba_large":0.04715638289491278,"proba_xl":0.8128436171050873}
{"id":"unified_chip2/145692","predicted_model_label":3,"proba_base":0.033010368519675204,"proba_large":0.09108177791038762,"proba_xl":0.8759078535699372}
{"id":"unified_chip2/77946","predicted_model_label":2,"proba_base":0.01,"proba_large":0.97,"proba_xl":0.02}
{"id":"unified_chip2/124668","predicted_model_label":3,"proba_base":0.05338831638568644,"proba_large":0.14500717292586246,"proba_xl":0.8016045106884511}
{"id":"unified_chip2/118564","predicted_model_label":3,"proba_base":0.08845700632144822,"proba_large":0.09762899492413345,"proba_xl":0.8139139987544184}
{"id":"dolly_15k/brainstorming/638","predicted_model_label":3,"proba_base":0.065,"proba_large":0.175,"proba_xl":0.76}
{"id":"unified_chip2/118104","predicted_model_label":2,"proba_base":0.0377162003278559,"proba_large":0.6545840125012309,"proba_xl":0.3076997871709132}
{"id":"itwgpt4/22053","predicted_model_label":3,"proba_base":0.14,"proba_large":0.215,"proba_xl":0.645}
{"id":"unified_chip2/128380","predicted_model_label":2,"proba_base":0.015916826833543028,"proba_large":0.7355670991592669,"proba_xl":0.24851607400719003}
{"id":"dolly_15k/brainstorming/1095","predicted_model_label":3,"proba_base":0.2,"proba_large":0.18,"proba_xl":0.62}
{"id":"unified_chip2/139421","predicted_model_label":3,"proba_base":0.4000823043838799,"proba_large":0.08,"proba_xl":0.5199176956161201}
{"id":"unified_chip2/137793","predicted_model_label":3,"proba_base":0.055573850976614166,"proba_large":0.15892539501547484,"proba_xl":0.785500754007911}
{"id":"unified_chip2/36180","predicted_model_label":3,"proba_base":0.035,"proba_large":0.12458906439637239,"proba_xl":0.8404109356036276}
{"id":"unified_chip2/135585","predicted_model_label":3,"proba_base":0.014097323766450166,"proba_large":0.024506522844917864,"proba_xl":0.961396153388632}
{"id":"unified_chip2/127598","predicted_model_label":3,"proba_base":0.09409732376645018,"proba_large":0.2534683801367474,"proba_xl":0.6524342960968025}
{"id":"unified_chip2/96990","predicted_model_label":3,"proba_base":0.08769852567513002,"proba_large":0.06,"proba_xl":0.85230147432487}
{"id":"sharegpt/yaOAhIw_0","predicted_model_label":3,"proba_base":0.015,"proba_large":0.013925395015474833,"proba_xl":0.9710746049845251}
{"id":"unified_chip2/94464","predicted_model_label":3,"proba_base":0.034097323766450166,"proba_large":0.06,"proba_xl":0.9059026762335499}
{"id":"unified_chip2/64041","predicted_model_label":2,"proba_base":0.05409732376645016,"proba_large":0.5813952911855822,"proba_xl":0.36450738504796765}
{"id":"unified_chip2/27022","predicted_model_label":3,"proba_base":0.005,"proba_large":0.07,"proba_xl":0.925}
{"id":"unified_chip2/103644","predicted_model_label":3,"proba_base":0.13116922761170258,"proba_large":0.05284960656209346,"proba_xl":0.815981165826204}
{"id":"unified_chip2/87925","predicted_model_label":3,"proba_base":0.09365715962322564,"proba_large":0.13,"proba_xl":0.7763428403767744}
{"id":"unified_chip2/11734","predicted_model_label":3,"proba_base":0.03,"proba_large":0.05,"proba_xl":0.92}
{"id":"unified_chip2/152459","predicted_model_label":3,"proba_base":0.0480103685196752,"proba_large":0.07439213894227781,"proba_xl":0.877597492538047}
{"id":"unified_chip2/37025","predicted_model_label":3,"proba_base":0.055,"proba_large":0.105,"proba_xl":0.84}
{"id":"sharegpt/5D4TSCc_0","predicted_model_label":3,"proba_base":0.18,"proba_large":0.19290529353068023,"proba_xl":0.6270947064693198}
{"id":"unified_chip2/37560","predicted_model_label":3,"proba_base":0.025,"proba_large":0.045,"proba_xl":0.93}
{"id":"unified_chip2/96653","predicted_model_label":3,"proba_base":0.4124283903547649,"proba_large":0.09222954812699478,"proba_xl":0.4953420615182403}
{"id":"unified_chip2/164107","predicted_model_label":3,"proba_base":0.21155642869832308,"proba_large":0.16045361891758955,"proba_xl":0.6279899523840874}
{"id":"unified_chip2/67381","predicted_model_label":3,"proba_base":0.145,"proba_large":0.2993980070446955,"proba_xl":0.5556019929553045}
{"id":"unified_chip2/97742","predicted_model_label":3,"proba_base":0.33,"proba_large":0.205,"proba_xl":0.465}
{"id":"itwgpt4/27670","predicted_model_label":3,"proba_base":0.205,"proba_large":0.285,"proba_xl":0.51}
{"id":"unified_chip2/69043","predicted_model_label":2,"proba_base":0.024097323766450164,"proba_large":0.725,"proba_xl":0.25090267623354984}
{"id":"itwgpt4/40533","predicted_model_label":3,"proba_base":0.12,"proba_large":0.23,"proba_xl":0.65}
{"id":"unified_chip2/28142","predicted_model_label":1,"proba_base":0.585734536384058,"proba_large":0.02,"proba_xl":0.3942654636159421}
{"id":"unified_chip2/18697","predicted_model_label":3,"proba_base":0.09970391067683934,"proba_large":0.14215638289491278,"proba_xl":0.7581397064282478}
{"id":"itwgpt4/9196","predicted_model_label":3,"proba_base":0.205,"proba_large":0.205,"proba_xl":0.59}
{"id":"unified_chip2/72948","predicted_model_label":3,"proba_base":0.27676001531109845,"proba_large":0.04143463222180187,"proba_xl":0.6818053524670996}
{"id":"itwgpt4/11906","predicted_model_label":3,"proba_base":0.225,"proba_large":0.23,"proba_xl":0.545}
{"id":"itwgpt4/7561","predicted_model_label":1,"proba_base":0.44,"proba_large":0.27,"proba_xl":0.29}
{"id":"sharegpt/Caxpnd3_0","predicted_model_label":1,"proba_base":0.4319160615742085,"proba_large":0.16308393842579147,"proba_xl":0.405}
{"id":"sharegpt/oDoLdHY_39","predicted_model_label":3,"proba_base":0.24368142006266238,"proba_large":0.2688029045430527,"proba_xl":0.4875156753942849}
{"id":"unified_chip2/88981","predicted_model_label":3,"proba_base":0.18,"proba_large":0.13697364756758568,"proba_xl":0.6830263524324143}
{"id":"unified_chip2/99808","predicted_model_label":3,"proba_base":0.095,"proba_large":0.085,"proba_xl":0.82}
{"id":"dolly_15k/general_qa/1290","predicted_model_label":2,"proba_base":0.06478119798243567,"proba_large":0.7089754128381,"proba_xl":0.22624338917946424}
{"id":"dolly_15k/general_qa/775","predicted_model_label":2,"proba_base":0.3,"proba_large":0.365,"proba_xl":0.335}
{"id":"unified_chip2/139291","predicted_model_label":3,"proba_base":0.015,"proba_large":0.05715638289491278,"proba_xl":0.9278436171050873}
{"id":"dolly_15k/open_qa/2621","predicted_model_label":3,"proba_base":0.0,"proba_large":0.0,"proba_xl":1.0}
{"id":"unified_chip2/20153","predicted_model_label":3,"proba_base":0.08856536777819812,"proba_large":0.4214346322218019,"proba_xl":0.49}
{"id":"unified_chip2/62096","predicted_model_label":3,"proba_base":0.03683845928117227,"proba_large":0.20638450742848996,"proba_xl":0.7567770332903377}
{"id":"unified_chip2/150906","predicted_model_label":3,"proba_base":0.049097323766450165,"proba_large":0.01,"proba_xl":0.9409026762335497}
{"id":"unified_chip2/3354","predicted_model_label":1,"proba_base":0.41,"proba_large":0.28346838013674736,"proba_xl":0.3065316198632526}
{"id":"dolly_15k/brainstorming/840","predicted_model_label":3,"proba_base":0.06564291909918946,"proba_large":0.13892539501547485,"proba_xl":0.7954316858853356}
{"id":"unified_chip2/47688","predicted_model_label":3,"proba_base":0.04,"proba_large":0.23571000428653008,"proba_xl":0.7242899957134697}
{"id":"unified_chip2/77631","predicted_model_label":3,"proba_base":0.08710769228612537,"proba_large":0.054398007044695496,"proba_xl":0.8584943006691791}
{"id":"unified_chip2/58683","predicted_model_label":3,"proba_base":0.06,"proba_large":0.045,"proba_xl":0.895}
{"id":"unified_chip2/155454","predicted_model_label":3,"proba_base":0.09847073395552483,"proba_large":0.22294968112519042,"proba_xl":0.6785795849192848}
{"id":"unified_chip2/81662","predicted_model_label":3,"proba_base":0.0,"proba_large":0.065,"proba_xl":0.935}
{"id":"unified_chip2/129602","predicted_model_label":3,"proba_base":0.005,"proba_large":0.105,"proba_xl":0.89}
{"id":"itwgpt4/25094","predicted_model_label":1,"proba_base":0.41,"proba_large":0.295,"proba_xl":0.295}
{"id":"unified_chip2/127291","predicted_model_label":3,"proba_base":0.05,"proba_large":0.19,"proba_xl":0.76}
{"id":"unified_chip2/674","predicted_model_label":3,"proba_base":0.04247849023998422,"proba_large":0.07897989851520544,"proba_xl":0.8785416112448103}
{"id":"unified_chip2/48411","predicted_model_label":2,"proba_base":0.17,"proba_large":0.63,"proba_xl":0.2}
{"id":"dolly_15k/classification/705","predicted_model_label":1,"proba_base":0.5440973237664501,"proba_large":0.04,"proba_xl":0.4159026762335498}
{"id":"unified_chip2/140194","predicted_model_label":3,"proba_base":0.055,"proba_large":0.20715638289491278,"proba_xl":0.7378436171050873}
{"id":"unified_chip2/58216","predicted_model_label":3,"proba_base":0.22409732376645017,"proba_large":0.25031999018870293,"proba_xl":0.5255826860448469}
{"id":"itwgpt4/21811","predicted_model_label":2,"proba_base":0.325,"proba_large":0.3927453348219372,"proba_xl":0.28225466517806286}
{"id":"unified_chip2/120563","predicted_model_label":1,"proba_base":0.6738945113430068,"proba_large":0.0961054886569932,"proba_xl":0.23}
{"id":"unified_chip2/13476","predicted_model_label":3,"proba_base":0.01203610173372296,"proba_large":0.1653600272372767,"proba_xl":0.8226038710290005}
{"id":"itwgpt4/24504","predicted_model_label":3,"proba_base":0.16,"proba_large":0.24,"proba_xl":0.6}
{"id":"unified_chip2/60952","predicted_model_label":3,"proba_base":0.03277045187300521,"proba_large":0.27753963878303095,"proba_xl":0.689689909343964}
{"id":"unified_chip2/19496","predicted_model_label":3,"proba_base":0.08762283919923963,"proba_large":0.09922831274564851,"proba_xl":0.8131488480551119}
{"id":"dolly_15k/open_qa/1423","predicted_model_label":3,"proba_base":0.0,"proba_large":0.02,"proba_xl":0.98}
{"id":"unified_chip2/30164","predicted_model_label":3,"proba_base":0.10950387814222971,"proba_large":0.16307102837623005,"proba_xl":0.7274250934815403}
{"id":"unified_chip2/20290","predicted_model_label":3,"proba_base":0.02,"proba_large":0.03,"proba_xl":0.95}
{"id":"sharegpt/QFVxKHe_0","predicted_model_label":3,"proba_base":0.14944092838112488,"proba_large":0.3018361059721346,"proba_xl":0.5487229656467405}
{"id":"unified_chip2/116150","predicted_model_label":3,"proba_base":0.12,"proba_large":0.07850728648598478,"proba_xl":0.8014927135140151}
{"id":"unified_chip2/48181","predicted_model_label":3,"proba_base":0.0,"proba_large":0.005,"proba_xl":0.995}
{"id":"unified_chip2/48123","predicted_model_label":3,"proba_base":0.01435968255499807,"proba_large":0.07392539501547483,"proba_xl":0.9117149224295271}
{"id":"unified_chip2/163498","predicted_model_label":3,"proba_base":0.035,"proba_large":0.09262899492413344,"proba_xl":0.8723710050758666}
{"id":"unified_chip2/137595","predicted_model_label":3,"proba_base":0.14,"proba_large":0.043925395015474836,"proba_xl":0.8160746049845252}
{"id":"unified_chip2/70531","predicted_model_label":3,"proba_base":0.06435968255499808,"proba_large":0.10832340206017033,"proba_xl":0.8273169153848317}
{"id":"unified_chip2/17835","predicted_model_label":1,"proba_base":0.4863892950658007,"proba_large":0.07958189147050994,"proba_xl":0.4340288134636894}
{"id":"unified_chip2/53187","predicted_model_label":3,"proba_base":0.08909732376645017,"proba_large":0.13866297805070835,"proba_xl":0.7722396981828414}
{"id":"sharegpt/mWsFRK3_94","predicted_model_label":3,"proba_base":0.12965793848175974,"proba_large":0.32056303254427176,"proba_xl":0.5497790289739685}
{"id":"unified_chip2/21601","predicted_model_label":3,"proba_base":0.04277045187300521,"proba_large":0.0722295481269948,"proba_xl":0.885}
{"id":"unified_chip2/120732","predicted_model_label":3,"proba_base":0.03465793848175973,"proba_large":0.09922831274564851,"proba_xl":0.8661137487725916}
{"id":"unified_chip2/127592","predicted_model_label":3,"proba_base":0.01,"proba_large":0.023925395015474832,"proba_xl":0.9660746049845252}
{"id":"dolly_15k/open_qa/3484","predicted_model_label":3,"proba_base":0.08,"proba_large":0.0843980070446955,"proba_xl":0.8356019929553046}
{"id":"unified_chip2/148533","predicted_model_label":3,"proba_base":0.03,"proba_large":0.185,"proba_xl":0.785}
{"id":"unified_chip2/859","predicted_model_label":3,"proba_base":0.16847073395552484,"proba_large":0.16892539501547482,"proba_xl":0.6626038710290004}
{"id":"unified_chip2/91765","predicted_model_label":3,"proba_base":0.0966804576948276,"proba_large":0.04,"proba_xl":0.8633195423051724}
{"id":"unified_chip2/86760","predicted_model_label":3,"proba_base":0.115,"proba_large":0.275,"proba_xl":0.61}
{"id":"unified_chip2/63418","predicted_model_label":3,"proba_base":0.105,"proba_large":0.07,"proba_xl":0.825}
{"id":"unified_chip2/115443","predicted_model_label":3,"proba_base":0.14894243027888446,"proba_large":0.06498296473659038,"proba_xl":0.7860746049845253}
{"id":"unified_chip2/151342","predicted_model_label":3,"proba_base":0.29965793848175976,"proba_large":0.05,"proba_xl":0.6503420615182404}
{"id":"unified_chip2/164405","predicted_model_label":3,"proba_base":0.02,"proba_large":0.3182288967417448,"proba_xl":0.6617711032582553}
{"id":"dolly_15k/general_qa/646","predicted_model_label":3,"proba_base":0.305,"proba_large":0.11,"proba_xl":0.585}
{"id":"unified_chip2/102323","predicted_model_label":3,"proba_base":0.09347073395552483,"proba_large":0.1071194161495613,"proba_xl":0.7994098498949138}
{"id":"unified_chip2/77245","predicted_model_label":2,"proba_base":0.015,"proba_large":0.6482309878794379,"proba_xl":0.3367690121205621}
{"id":"unified_chip2/7911","predicted_model_label":3,"proba_base":0.2376626915446483,"proba_large":0.06621645581541234,"proba_xl":0.6961208526399393}
{"id":"dolly_15k/brainstorming/1360","predicted_model_label":3,"proba_base":0.225,"proba_large":0.19892539501547482,"proba_xl":0.5760746049845252}
{"id":"unified_chip2/13932","predicted_model_label":3,"proba_base":0.056528843608490344,"proba_large":0.14569169144696115,"proba_xl":0.7977794649445485}
{"id":"itwgpt4/22721","predicted_model_label":3,"proba_base":0.26,"proba_large":0.18,"proba_xl":0.56}
{"id":"unified_chip2/17037","predicted_model_label":3,"proba_base":0.19,"proba_large":0.05392539501547484,"proba_xl":0.7560746049845253}
{"id":"unified_chip2/29934","predicted_model_label":3,"proba_base":0.024097323766450164,"proba_large":0.04815370776112335,"proba_xl":0.9277489684724263}
{"id":"itwgpt4/33122","predicted_model_label":3,"proba_base":0.29909732376645015,"proba_large":0.255,"proba_xl":0.44590267623354984}
{"id":"unified_chip2/88467","predicted_model_label":3,"proba_base":0.0,"proba_large":0.365,"proba_xl":0.635}
{"id":"unified_chip2/111898","predicted_model_label":2,"proba_base":0.013942430278884461,"proba_large":0.7582139526160284,"proba_xl":0.22784361710508721}
{"id":"dolly_15k/open_qa/463","predicted_model_label":3,"proba_base":0.0788363135502281,"proba_large":0.255,"proba_xl":0.6661636864497719}
{"id":"itwgpt4/30297","predicted_model_label":1,"proba_base":0.42,"proba_large":0.275,"proba_xl":0.305}
{"id":"unified_chip2/18747","predicted_model_label":3,"proba_base":0.02,"proba_large":0.015,"proba_xl":0.965}
{"id":"itwgpt4/50044","predicted_model_label":3,"proba_base":0.15,"proba_large":0.25939800704469546,"proba_xl":0.5906019929553046}
{"id":"unified_chip2/72722","predicted_model_label":3,"proba_base":0.035,"proba_large":0.02,"proba_xl":0.945}
{"id":"itwgpt4/23358","predicted_model_label":1,"proba_base":0.445,"proba_large":0.145,"proba_xl":0.41}
{"id":"unified_chip2/31404","predicted_model_label":3,"proba_base":0.4435653677781981,"proba_large":0.08643463222180188,"proba_xl":0.47}
{"id":"itwgpt4/16932","predicted_model_label":3,"proba_base":0.26,"proba_large":0.305,"proba_xl":0.435}
{"id":"unified_chip2/44429","predicted_model_label":3,"proba_base":0.08,"proba_large":0.13547978495508312,"proba_xl":0.7845202150449169}
{"id":"unified_chip2/109904","predicted_model_label":1,"proba_base":0.5027704518730052,"proba_large":0.017229548126994794,"proba_xl":0.48}
{"id":"unified_chip2/142985","predicted_model_label":3,"proba_base":0.15269852567513004,"proba_large":0.1043980070446955,"proba_xl":0.7429034672801745}
{"id":"unified_chip2/17181","predicted_model_label":3,"proba_base":0.14,"proba_large":0.02211078604838568,"proba_xl":0.8378892139516142}
{"id":"unified_chip2/50596","predicted_model_label":3,"proba_base":0.02,"proba_large":0.43,"proba_xl":0.55}
{"id":"unified_chip2/130221","predicted_model_label":3,"proba_base":0.1316696363298444,"proba_large":0.19918419074883317,"proba_xl":0.6691461729213225}
{"id":"unified_chip2/150465","predicted_model_label":2,"proba_base":0.21744043202741004,"proba_large":0.7806859605977329,"proba_xl":0.0018736073748575528}
{"id":"unified_chip2/125280","predicted_model_label":3,"proba_base":0.05875526224820989,"proba_large":0.12823098787943796,"proba_xl":0.8130137498723522}
{"id":"unified_chip2/87405","predicted_model_label":3,"proba_base":0.4215737872509633,"proba_large":0.05,"proba_xl":0.5284262127490367}
{"id":"itwgpt4/35507","predicted_model_label":3,"proba_base":0.23,"proba_large":0.165,"proba_xl":0.605}
{"id":"dolly_15k/classification/553","predicted_model_label":3,"proba_base":0.305,"proba_large":0.19823098787943796,"proba_xl":0.49676901212056207}
{"id":"unified_chip2/49836","predicted_model_label":3,"proba_base":0.05,"proba_large":0.09832340206017033,"proba_xl":0.8516765979398297}
{"id":"unified_chip2/31851","predicted_model_label":2,"proba_base":0.145,"proba_large":0.57458189147051,"proba_xl":0.28041810852949006}
{"id":"unified_chip2/14024","predicted_model_label":3,"proba_base":0.1249370215598832,"proba_large":0.19784325307719175,"proba_xl":0.6772197253629251}
{"id":"unified_chip2/130656","predicted_model_label":3,"proba_base":0.01,"proba_large":0.0665485218371906,"proba_xl":0.9234514781628094}
{"id":"itwgpt4/20847","predicted_model_label":3,"proba_base":0.18,"proba_large":0.165,"proba_xl":0.655}
{"id":"unified_chip2/2286","predicted_model_label":3,"proba_base":0.06909732376645017,"proba_large":0.155,"proba_xl":0.7759026762335498}
{"id":"itwgpt4/44513","predicted_model_label":3,"proba_base":0.215,"proba_large":0.12,"proba_xl":0.665}
{"id":"sharegpt/VW7V5Me_0","predicted_model_label":1,"proba_base":0.5319160615742085,"proba_large":0.16308393842579147,"proba_xl":0.305}
{"id":"unified_chip2/46781","predicted_model_label":3,"proba_base":0.13290041331164804,"proba_large":0.23442199399737976,"proba_xl":0.6326775926909722}
{"id":"unified_chip2/4567","predicted_model_label":3,"proba_base":0.09204297760410352,"proba_large":0.16971149359748175,"proba_xl":0.7382455287984148}
{"id":"unified_chip2/76590","predicted_model_label":3,"proba_base":0.37847073395552483,"proba_large":0.20315370776112332,"proba_xl":0.4183755582833518}
{"id":"unified_chip2/7152","predicted_model_label":3,"proba_base":0.05,"proba_large":0.1443980070446955,"proba_xl":0.8056019929553045}
{"id":"itwgpt4/48894","predicted_model_label":3,"proba_base":0.19,"proba_large":0.17,"proba_xl":0.64}
{"id":"unified_chip2/155992","predicted_model_label":3,"proba_base":0.065,"proba_large":0.10736351982565565,"proba_xl":0.8276364801743444}
{"id":"unified_chip2/128161","predicted_model_label":3,"proba_base":0.04277045187300521,"proba_large":0.08662755517169028,"proba_xl":0.8706019929553045}
{"id":"unified_chip2/81326","predicted_model_label":3,"proba_base":0.15,"proba_large":0.155,"proba_xl":0.695}
{"id":"unified_chip2/161635","predicted_model_label":2,"proba_base":0.0,"proba_large":0.78703171416434,"proba_xl":0.21296828583566055}
{"id":"unified_chip2/156657","predicted_model_label":2,"proba_base":0.0,"proba_large":0.907942508199328,"proba_xl":0.092057491800672}
{"id":"unified_chip2/116722","predicted_model_label":3,"proba_base":0.06347073395552483,"proba_large":0.20892539501547483,"proba_xl":0.7276038710290003}
{"id":"unified_chip2/30880","predicted_model_label":3,"proba_base":0.185,"proba_large":0.1692283127456485,"proba_xl":0.6457716872543514}
{"id":"unified_chip2/81859","predicted_model_label":3,"proba_base":0.09,"proba_large":0.015,"proba_xl":0.895}
{"id":"unified_chip2/62411","predicted_model_label":3,"proba_base":0.12735646415688975,"proba_large":0.13892539501547485,"proba_xl":0.7337181408276353}
{"id":"unified_chip2/52485","predicted_model_label":3,"proba_base":0.1268620633431702,"proba_large":0.27846863346315404,"proba_xl":0.5946693031936757}
{"id":"unified_chip2/163521","predicted_model_label":3,"proba_base":0.135,"proba_large":0.08774533482193717,"proba_xl":0.7772546651780629}
{"id":"unified_chip2/135042","predicted_model_label":3,"proba_base":0.015,"proba_large":0.1009827996148835,"proba_xl":0.8840172003851166}
{"id":"unified_chip2/48365","predicted_model_label":3,"proba_base":0.005,"proba_large":0.13892539501547485,"proba_xl":0.8560746049845251}
{"id":"unified_chip2/9930","predicted_model_label":3,"proba_base":0.1352258862833197,"proba_large":0.06724879707564516,"proba_xl":0.7975253166410351}
{"id":"unified_chip2/86945","predicted_model_label":2,"proba_base":0.02,"proba_large":0.89,"proba_xl":0.09}
{"id":"unified_chip2/64695","predicted_model_label":3,"proba_base":0.0,"proba_large":0.02,"proba_xl":0.98}
{"id":"unified_chip2/32230","predicted_model_label":3,"proba_base":0.005,"proba_large":0.04,"proba_xl":0.955}
{"id":"unified_chip2/76726","predicted_model_label":3,"proba_base":0.005,"proba_large":0.065,"proba_xl":0.93}
{"id":"unified_chip2/66843","predicted_model_label":3,"proba_base":0.065,"proba_large":0.14774533482193716,"proba_xl":0.7872546651780629}
{"id":"unified_chip2/40540","predicted_model_label":2,"proba_base":0.005,"proba_large":0.8067754890340705,"proba_xl":0.18822451096592954}
{"id":"unified_chip2/70559","predicted_model_label":3,"proba_base":0.02,"proba_large":0.3072487970756451,"proba_xl":0.6727512029243549}
{"id":"dolly_15k/general_qa/1076","predicted_model_label":3,"proba_base":0.055,"proba_large":0.33,"proba_xl":0.615}
{"id":"itwgpt4/33840","predicted_model_label":3,"proba_base":0.205,"proba_large":0.29,"proba_xl":0.505}
{"id":"unified_chip2/115551","predicted_model_label":3,"proba_base":0.17190574244957077,"proba_large":0.18602740885036342,"proba_xl":0.6420668487000657}
{"id":"unified_chip2/22385","predicted_model_label":3,"proba_base":0.0790077562844594,"proba_large":0.10762899492413343,"proba_xl":0.8133632487914072}
{"id":"unified_chip2/63687","predicted_model_label":3,"proba_base":0.0245038781422297,"proba_large":0.055,"proba_xl":0.9204961218577702}
{"id":"unified_chip2/132457","predicted_model_label":3,"proba_base":0.01,"proba_large":0.008925395015474832,"proba_xl":0.9810746049845251}
{"id":"unified_chip2/98852","predicted_model_label":3,"proba_base":0.06641138269163332,"proba_large":0.15038275332406184,"proba_xl":0.7832058639843048}
{"id":"unified_chip2/111263","predicted_model_label":3,"proba_base":0.32347073395552484,"proba_large":0.17892539501547483,"proba_xl":0.49760387102900033}
{"id":"unified_chip2/36497","predicted_model_label":3,"proba_base":0.055,"proba_large":0.17,"proba_xl":0.775}
{"id":"unified_chip2/91421","predicted_model_label":3,"proba_base":0.11277045187300522,"proba_large":0.2846161503533546,"proba_xl":0.6026133977736402}
{"id":"itwgpt4/5053","predicted_model_label":3,"proba_base":0.17909732376645018,"proba_large":0.215,"proba_xl":0.6059026762335499}
{"id":"itwgpt4/50183","predicted_model_label":3,"proba_base":0.24,"proba_large":0.13823098787943797,"proba_xl":0.6217690121205621}
{"id":"itwgpt4/9448","predicted_model_label":3,"proba_base":0.23,"proba_large":0.17,"proba_xl":0.6}
{"id":"unified_chip2/83544","predicted_model_label":3,"proba_base":0.0,"proba_large":0.005,"proba_xl":0.995}
{"id":"unified_chip2/115853","predicted_model_label":3,"proba_base":0.445,"proba_large":0.10892539501547484,"proba_xl":0.44607460498452517}
{"id":"unified_chip2/24420","predicted_model_label":3,"proba_base":0.06185672934840365,"proba_large":0.05425582952820384,"proba_xl":0.8838874411233923}
{"id":"unified_chip2/40506","predicted_model_label":3,"proba_base":0.005,"proba_large":0.10215638289491279,"proba_xl":0.8928436171050872}
{"id":"unified_chip2/10006","predicted_model_label":3,"proba_base":0.02,"proba_large":0.045,"proba_xl":0.935}
{"id":"unified_chip2/87828","predicted_model_label":3,"proba_base":0.055,"proba_large":0.14,"proba_xl":0.805}
{"id":"unified_chip2/79983","predicted_model_label":3,"proba_base":0.015,"proba_large":0.13397989851520545,"proba_xl":0.8510201014847945}
{"id":"dolly_15k/classification/2053","predicted_model_label":3,"proba_base":0.35,"proba_large":0.215,"proba_xl":0.435}
{"id":"itwgpt4/24227","predicted_model_label":3,"proba_base":0.19,"proba_large":0.235,"proba_xl":0.575}
{"id":"unified_chip2/154854","predicted_model_label":2,"proba_base":0.015,"proba_large":0.7039253950154749,"proba_xl":0.2810746049845252}
{"id":"unified_chip2/75123","predicted_model_label":3,"proba_base":0.13616925963065485,"proba_large":0.1924640280676896,"proba_xl":0.6713667123016555}
{"id":"itwgpt4/30794","predicted_model_label":3,"proba_base":0.295,"proba_large":0.2,"proba_xl":0.505}
{"id":"unified_chip2/82132","predicted_model_label":3,"proba_base":0.0,"proba_large":0.005,"proba_xl":0.995}
{"id":"unified_chip2/121899","predicted_model_label":1,"proba_base":0.8325680577219751,"proba_large":0.04,"proba_xl":0.127431942278025}
{"id":"unified_chip2/94367","predicted_model_label":3,"proba_base":0.055,"proba_large":0.115,"proba_xl":0.83}
{"id":"unified_chip2/25371","predicted_model_label":3,"proba_base":0.03,"proba_large":0.005,"proba_xl":0.965}
{"id":"dolly_15k/brainstorming/629","predicted_model_label":3,"proba_base":0.31,"proba_large":0.175,"proba_xl":0.515}
{"id":"unified_chip2/42541","predicted_model_label":3,"proba_base":0.022770451873005207,"proba_large":0.04615494314246962,"proba_xl":0.9310746049845251}
{"id":"itwgpt4/2061","predicted_model_label":3,"proba_base":0.255,"proba_large":0.165,"proba_xl":0.58}
{"id":"laion/unified_chip2/4290","predicted_model_label":3,"proba_base":0.1430103685196752,"proba_large":0.115,"proba_xl":0.7419896314803247}
{"id":"unified_chip2/22119","predicted_model_label":3,"proba_base":0.16,"proba_large":0.21,"proba_xl":0.63}
{"id":"unified_chip2/108190","predicted_model_label":3,"proba_base":0.06856271050211284,"proba_large":0.0872295481269948,"proba_xl":0.8442077413708924}
{"id":"unified_chip2/17266","predicted_model_label":3,"proba_base":0.038942430278884464,"proba_large":0.03615646081535631,"proba_xl":0.9249011089057594}
{"id":"itwgpt4/35382","predicted_model_label":3,"proba_base":0.15909732376645017,"proba_large":0.251670729837412,"proba_xl":0.5892319463961379}
{"id":"itwgpt4/15796","predicted_model_label":3,"proba_base":0.08347073395552483,"proba_large":0.33,"proba_xl":0.5865292660444752}
{"id":"unified_chip2/129022","predicted_model_label":3,"proba_base":0.055,"proba_large":0.08,"proba_xl":0.865}
{"id":"unified_chip2/25171","predicted_model_label":1,"proba_base":0.6755409037460105,"proba_large":0.06445909625398957,"proba_xl":0.26}
{"id":"itwgpt4/42785","predicted_model_label":3,"proba_base":0.235,"proba_large":0.27,"proba_xl":0.495}
{"id":"itwgpt4/34355","predicted_model_label":3,"proba_base":0.095,"proba_large":0.095,"proba_xl":0.81}
{"id":"unified_chip2/24749","predicted_model_label":2,"proba_base":0.385,"proba_large":0.45,"proba_xl":0.165}
{"id":"unified_chip2/11352","predicted_model_label":3,"proba_base":0.075,"proba_large":0.115,"proba_xl":0.81}
{"id":"unified_chip2/35481","predicted_model_label":3,"proba_base":0.05360120190867987,"proba_large":0.2744051799705579,"proba_xl":0.6719936181207623}
{"id":"unified_chip2/69495","predicted_model_label":3,"proba_base":0.0480103685196752,"proba_large":0.0843980070446955,"proba_xl":0.8675916244356293}
{"id":"itwgpt4/21266","predicted_model_label":3,"proba_base":0.37,"proba_large":0.255,"proba_xl":0.375}
{"id":"unified_chip2/98976","predicted_model_label":1,"proba_base":0.5827476870897804,"proba_large":0.017229548126994794,"proba_xl":0.4000227647832249}
{"id":"unified_chip2/67298","predicted_model_label":2,"proba_base":0.03,"proba_large":0.5378663871814429,"proba_xl":0.4321336128185571}
{"id":"unified_chip2/28055","predicted_model_label":3,"proba_base":0.01,"proba_large":0.02439800704469549,"proba_xl":0.9656019929553046}
