{"id":"unified_chip2/5381","predicted_model_label":3,"proba_base":0.05,"proba_large":0.44273150956920704,"proba_xl":0.507268490430793}
{"id":"unified_chip2/10189","predicted_model_label":2,"proba_base":0.07717122155038635,"proba_large":0.6428287784496137,"proba_xl":0.28}
{"id":"unified_chip2/126674","predicted_model_label":3,"proba_base":0.11142578907131676,"proba_large":0.03339182998227776,"proba_xl":0.8551823809464056}
{"id":"unified_chip2/18558","predicted_model_label":3,"proba_base":0.11560394570233107,"proba_large":0.20507597979508116,"proba_xl":0.6793200745025879}
{"id":"unified_chip2/163004","predicted_model_label":3,"proba_base":0.1481950552290598,"proba_large":0.14405067430975546,"proba_xl":0.7077542704611847}
{"id":"unified_chip2/780","predicted_model_label":3,"proba_base":0.32430779393066705,"proba_large":0.17894963392066943,"proba_xl":0.4967425721486635}
{"id":"unified_chip2/71022","predicted_model_label":2,"proba_base":0.025,"proba_large":0.7576250117707884,"proba_xl":0.21737498822921159}
{"id":"itwgpt4/49673","predicted_model_label":3,"proba_base":0.295,"proba_large":0.245,"proba_xl":0.46}
{"id":"unified_chip2/65111","predicted_model_label":2,"proba_base":0.025,"proba_large":0.7521429513363,"proba_xl":0.22285704866369987}
{"id":"unified_chip2/54424","predicted_model_label":3,"proba_base":0.12393719128074858,"proba_large":0.29942722702266944,"proba_xl":0.5766355816965819}
{"id":"unified_chip2/131578","predicted_model_label":3,"proba_base":0.23384135673564063,"proba_large":0.28033952772376647,"proba_xl":0.48581911554059287}
{"id":"unified_chip2/128055","predicted_model_label":3,"proba_base":0.21288969134210298,"proba_large":0.22727017269461636,"proba_xl":0.5598401359632805}
{"id":"itwgpt4/28735","predicted_model_label":1,"proba_base":0.45136063045831293,"proba_large":0.18850435347132055,"proba_xl":0.3601350160703665}
{"id":"unified_chip2/152921","predicted_model_label":1,"proba_base":0.5392433373922962,"proba_large":0.08769746318233927,"proba_xl":0.3730591994253645}
{"id":"itwgpt4/2843","predicted_model_label":3,"proba_base":0.31861854288772234,"proba_large":0.1264734219767686,"proba_xl":0.554908035135509}
{"id":"unified_chip2/65272","predicted_model_label":1,"proba_base":0.79,"proba_large":0.045,"proba_xl":0.165}
{"id":"unified_chip2/80521","predicted_model_label":3,"proba_base":0.16952937372074167,"proba_large":0.3829927432561992,"proba_xl":0.4474778830230591}
{"id":"unified_chip2/47365","predicted_model_label":3,"proba_base":0.065,"proba_large":0.06620181665365983,"proba_xl":0.8687981833463403}
{"id":"unified_chip2/137974","predicted_model_label":3,"proba_base":0.12807369329775545,"proba_large":0.32868481449908044,"proba_xl":0.543241492203164}
{"id":"unified_chip2/162524","predicted_model_label":3,"proba_base":0.13211158309434404,"proba_large":0.3370090752051238,"proba_xl":0.5308793417005321}
{"id":"unified_chip2/136339","predicted_model_label":1,"proba_base":0.6697977910417754,"proba_large":0.02719260728280608,"proba_xl":0.30300960167541857}
{"id":"unified_chip2/145946","predicted_model_label":3,"proba_base":0.20395878503262913,"proba_large":0.30069696075412666,"proba_xl":0.49534425421324424}
{"id":"dolly_15k/open_qa/1183","predicted_model_label":3,"proba_base":0.26,"proba_large":0.2668469356948777,"proba_xl":0.4731530643051222}
{"id":"unified_chip2/5028","predicted_model_label":3,"proba_base":0.135,"proba_large":0.13,"proba_xl":0.735}
{"id":"unified_chip2/40983","predicted_model_label":2,"proba_base":0.1,"proba_large":0.8591206582994678,"proba_xl":0.04087934170053211}
{"id":"itwgpt4/48487","predicted_model_label":1,"proba_base":0.475,"proba_large":0.205,"proba_xl":0.32}
{"id":"unified_chip2/110394","predicted_model_label":3,"proba_base":0.13325742785133649,"proba_large":0.07769746318233928,"proba_xl":0.7890451089663243}
{"id":"itwgpt4/14728","predicted_model_label":3,"proba_base":0.3739448456710515,"proba_large":0.155,"proba_xl":0.47105515432894846}
{"id":"unified_chip2/101370","predicted_model_label":1,"proba_base":0.7122419147433539,"proba_large":0.06394963392066941,"proba_xl":0.22380845133597682}
{"id":"unified_chip2/93523","predicted_model_label":3,"proba_base":0.03,"proba_large":0.018504353471320553,"proba_xl":0.9514956465286795}
{"id":"unified_chip2/43006","predicted_model_label":3,"proba_base":0.11636041333537538,"proba_large":0.11505712484813069,"proba_xl":0.768582461816494}
{"id":"unified_chip2/7431","predicted_model_label":3,"proba_base":0.2927067160161524,"proba_large":0.06123812965489907,"proba_xl":0.6460551543289484}
{"id":"itwgpt4/41218","predicted_model_label":3,"proba_base":0.275,"proba_large":0.325,"proba_xl":0.4}
{"id":"unified_chip2/67592","predicted_model_label":2,"proba_base":0.3344994823690722,"proba_large":0.34425504920887096,"proba_xl":0.32124546842205687}
{"id":"itwgpt4/23961","predicted_model_label":1,"proba_base":0.52,"proba_large":0.215,"proba_xl":0.265}
{"id":"dolly_15k/open_qa/115","predicted_model_label":3,"proba_base":0.44424333739229616,"proba_large":0.11,"proba_xl":0.44575666260770386}
{"id":"itwgpt4/4480","predicted_model_label":1,"proba_base":0.545,"proba_large":0.11951793956551172,"proba_xl":0.3354820604344883}
{"id":"itwgpt4/6395","predicted_model_label":1,"proba_base":0.5710503660793306,"proba_large":0.13394963392066941,"proba_xl":0.295}
{"id":"itwgpt4/32665","predicted_model_label":1,"proba_base":0.485,"proba_large":0.28200870694264113,"proba_xl":0.23299129305735888}
{"id":"itwgpt4/2984","predicted_model_label":1,"proba_base":0.375,"proba_large":0.34,"proba_xl":0.285}
{"id":"unified_chip2/74026","predicted_model_label":3,"proba_base":0.17547628230717469,"proba_large":0.1877811455441618,"proba_xl":0.6367425721486635}
{"id":"unified_chip2/156521","predicted_model_label":2,"proba_base":0.015,"proba_large":0.5224636074172435,"proba_xl":0.4625363925827565}
{"id":"unified_chip2/112359","predicted_model_label":3,"proba_base":0.025,"proba_large":0.095,"proba_xl":0.88}
{"id":"unified_chip2/24123","predicted_model_label":1,"proba_base":0.61,"proba_large":0.03684693569487773,"proba_xl":0.3531530643051222}
{"id":"unified_chip2/128489","predicted_model_label":3,"proba_base":0.33261958647085266,"proba_large":0.2,"proba_xl":0.46738041352914733}
{"id":"unified_chip2/109084","predicted_model_label":3,"proba_base":0.3783042531033481,"proba_large":0.11654562594104706,"proba_xl":0.505150120955605}
{"id":"unified_chip2/139244","predicted_model_label":3,"proba_base":0.21720227352238797,"proba_large":0.1788268284244483,"proba_xl":0.6039708980531637}
{"id":"unified_chip2/80404","predicted_model_label":3,"proba_base":0.18377619812263682,"proba_large":0.07269746318233927,"proba_xl":0.7435263386950239}
{"id":"unified_chip2/138153","predicted_model_label":3,"proba_base":0.07691948877779405,"proba_large":0.05339442393646591,"proba_xl":0.8696860872857403}
{"id":"unified_chip2/99511","predicted_model_label":1,"proba_base":0.47350467824887343,"proba_large":0.06762501177078845,"proba_xl":0.4588703099803382}
{"id":"unified_chip2/13594","predicted_model_label":2,"proba_base":0.21234863085828537,"proba_large":0.4,"proba_xl":0.38765136914171466}
{"id":"unified_chip2/153853","predicted_model_label":3,"proba_base":0.24,"proba_large":0.14,"proba_xl":0.62}
{"id":"unified_chip2/104051","predicted_model_label":3,"proba_base":0.04,"proba_large":0.036818121481807166,"proba_xl":0.9231818785181929}
{"id":"unified_chip2/116318","predicted_model_label":3,"proba_base":0.33,"proba_large":0.07,"proba_xl":0.6}
{"id":"itwgpt4/9037","predicted_model_label":1,"proba_base":0.45,"proba_large":0.285,"proba_xl":0.265}
{"id":"unified_chip2/60122","predicted_model_label":1,"proba_base":0.55,"proba_large":0.15,"proba_xl":0.3}
{"id":"itwgpt4/20169","predicted_model_label":1,"proba_base":0.5782574278513365,"proba_large":0.17,"proba_xl":0.2517425721486635}
{"id":"itwgpt4/23274","predicted_model_label":2,"proba_base":0.205,"proba_large":0.425,"proba_xl":0.37}
{"id":"unified_chip2/14587","predicted_model_label":3,"proba_base":0.12547628230717467,"proba_large":0.24274898714273743,"proba_xl":0.6317747305500879}
{"id":"itwgpt4/33386","predicted_model_label":3,"proba_base":0.235,"proba_large":0.16,"proba_xl":0.605}
{"id":"unified_chip2/112931","predicted_model_label":3,"proba_base":0.03,"proba_large":0.05,"proba_xl":0.92}
{"id":"unified_chip2/2699","predicted_model_label":3,"proba_base":0.10825742785133649,"proba_large":0.20142793326039354,"proba_xl":0.69031463888827}
{"id":"itwgpt4/10241","predicted_model_label":1,"proba_base":0.525,"proba_large":0.19,"proba_xl":0.285}
{"id":"unified_chip2/27979","predicted_model_label":3,"proba_base":0.2489448456710515,"proba_large":0.35,"proba_xl":0.40105515432894845}
{"id":"unified_chip2/13088","predicted_model_label":1,"proba_base":0.7548492881849928,"proba_large":0.09190180384362968,"proba_xl":0.15324890797137766}
{"id":"dolly_15k/brainstorming/935","predicted_model_label":3,"proba_base":0.21142578907131676,"proba_large":0.2326948692281511,"proba_xl":0.5558793417005322}
{"id":"unified_chip2/97736","predicted_model_label":3,"proba_base":0.3832574278513365,"proba_large":0.185,"proba_xl":0.4317425721486635}
{"id":"unified_chip2/68759","predicted_model_label":3,"proba_base":0.36147259570807777,"proba_large":0.09357421092868325,"proba_xl":0.544953193363239}
{"id":"unified_chip2/131044","predicted_model_label":3,"proba_base":0.015,"proba_large":0.08451793956551173,"proba_xl":0.9004820604344883}
{"id":"unified_chip2/87861","predicted_model_label":3,"proba_base":0.42665890505662013,"proba_large":0.105,"proba_xl":0.4683410949433799}
{"id":"unified_chip2/42176","predicted_model_label":3,"proba_base":0.105,"proba_large":0.065,"proba_xl":0.83}
{"id":"itwgpt4/2548","predicted_model_label":3,"proba_base":0.3864257890713168,"proba_large":0.2070785644000038,"proba_xl":0.4064956465286794}
{"id":"itwgpt4/26208","predicted_model_label":1,"proba_base":0.634993465085379,"proba_large":0.14326396276595743,"proba_xl":0.22174257214866352}
{"id":"unified_chip2/12774","predicted_model_label":3,"proba_base":0.01,"proba_large":0.005,"proba_xl":0.985}
{"id":"unified_chip2/36737","predicted_model_label":3,"proba_base":0.145,"proba_large":0.115,"proba_xl":0.74}
{"id":"unified_chip2/139598","predicted_model_label":3,"proba_base":0.21,"proba_large":0.058504353471320554,"proba_xl":0.7314956465286795}
{"id":"unified_chip2/157108","predicted_model_label":3,"proba_base":0.1489448456710515,"proba_large":0.2612321502604899,"proba_xl":0.5898230040684586}
{"id":"unified_chip2/6812","predicted_model_label":2,"proba_base":0.08325742785133648,"proba_large":0.7876250117707885,"proba_xl":0.12911756037787508}
{"id":"itwgpt4/25006","predicted_model_label":3,"proba_base":0.2282574278513365,"proba_large":0.265,"proba_xl":0.5067425721486635}
{"id":"unified_chip2/35175","predicted_model_label":3,"proba_base":0.12675062410644183,"proba_large":0.08051306041396165,"proba_xl":0.7927363154795967}
{"id":"dolly_15k/general_qa/885","predicted_model_label":3,"proba_base":0.31,"proba_large":0.21269746318233929,"proba_xl":0.4773025368176607}
{"id":"unified_chip2/84907","predicted_model_label":3,"proba_base":0.27255481859488934,"proba_large":0.115,"proba_xl":0.6124451814051107}
{"id":"unified_chip2/103136","predicted_model_label":1,"proba_base":0.41614986283795696,"proba_large":0.18513050814384435,"proba_xl":0.39871962901819863}
{"id":"unified_chip2/18378","predicted_model_label":3,"proba_base":0.031114644649028644,"proba_large":0.23769746318233928,"proba_xl":0.7311878921686321}
{"id":"unified_chip2/100070","predicted_model_label":1,"proba_base":0.7932574278513366,"proba_large":0.07443439063710226,"proba_xl":0.13230818151156126}
{"id":"unified_chip2/86951","predicted_model_label":3,"proba_base":0.205,"proba_large":0.24090117778039297,"proba_xl":0.554098822219607}
{"id":"unified_chip2/46998","predicted_model_label":1,"proba_base":0.6816911636757417,"proba_large":0.3183088363242592,"proba_xl":0.0}
{"id":"unified_chip2/154212","predicted_model_label":3,"proba_base":0.3724155676643239,"proba_large":0.17719260728280609,"proba_xl":0.45039182505287}
{"id":"unified_chip2/32995","predicted_model_label":3,"proba_base":0.17307369329775546,"proba_large":0.08192630670224454,"proba_xl":0.745}
{"id":"unified_chip2/145692","predicted_model_label":3,"proba_base":0.10147606969419566,"proba_large":0.23101548146388953,"proba_xl":0.6675084488419146}
{"id":"unified_chip2/77946","predicted_model_label":2,"proba_base":0.019437708911676392,"proba_large":0.9555622910883236,"proba_xl":0.025}
{"id":"unified_chip2/124668","predicted_model_label":3,"proba_base":0.06325742785133648,"proba_large":0.44683583431920293,"proba_xl":0.4899067378294606}
{"id":"unified_chip2/118564","predicted_model_label":3,"proba_base":0.20213640413283795,"proba_large":0.20025816657508863,"proba_xl":0.5976054292920734}
{"id":"dolly_15k/brainstorming/638","predicted_model_label":3,"proba_base":0.17,"proba_large":0.16,"proba_xl":0.67}
{"id":"unified_chip2/118104","predicted_model_label":2,"proba_base":0.07850232621163249,"proba_large":0.661807129532857,"proba_xl":0.2596905442555106}
{"id":"itwgpt4/22053","predicted_model_label":3,"proba_base":0.3,"proba_large":0.26,"proba_xl":0.44}
{"id":"unified_chip2/128380","predicted_model_label":2,"proba_base":0.02642578907131676,"proba_large":0.796279878625451,"proba_xl":0.17729433230323224}
{"id":"dolly_15k/brainstorming/1095","predicted_model_label":3,"proba_base":0.3522188544558382,"proba_large":0.11278114554416181,"proba_xl":0.535}
{"id":"unified_chip2/139421","predicted_model_label":3,"proba_base":0.4296344221201621,"proba_large":0.0577811455441618,"proba_xl":0.5125844323356761}
{"id":"unified_chip2/137793","predicted_model_label":3,"proba_base":0.16691948877779403,"proba_large":0.18681812148180718,"proba_xl":0.6462623897403987}
{"id":"unified_chip2/36180","predicted_model_label":3,"proba_base":0.0816565633675146,"proba_large":0.2757253139935038,"proba_xl":0.6426181226389815}
{"id":"unified_chip2/135585","predicted_model_label":3,"proba_base":0.01566912646361295,"proba_large":0.013574210928683241,"proba_xl":0.9707566626077038}
{"id":"unified_chip2/127598","predicted_model_label":3,"proba_base":0.28958854900042846,"proba_large":0.16104696500171245,"proba_xl":0.5493644859978591}
{"id":"unified_chip2/96990","predicted_model_label":3,"proba_base":0.17477228355400945,"proba_large":0.03684693569487773,"proba_xl":0.7883807807511128}
{"id":"sharegpt/yaOAhIw_0","predicted_model_label":1,"proba_base":0.975,"proba_large":0.01,"proba_xl":0.015}
{"id":"unified_chip2/94464","predicted_model_label":3,"proba_base":0.10978407623784177,"proba_large":0.15293259611849103,"proba_xl":0.7372833276436671}
{"id":"unified_chip2/64041","predicted_model_label":2,"proba_base":0.09875002086801517,"proba_large":0.6193018294021152,"proba_xl":0.28194814972986965}
{"id":"unified_chip2/27022","predicted_model_label":3,"proba_base":0.13325742785133649,"proba_large":0.23769746318233928,"proba_xl":0.6290451089663243}
{"id":"unified_chip2/103644","predicted_model_label":3,"proba_base":0.155,"proba_large":0.08804841790548958,"proba_xl":0.7569515820945105}
{"id":"unified_chip2/87925","predicted_model_label":3,"proba_base":0.3342433373922962,"proba_large":0.26,"proba_xl":0.40575666260770377}
{"id":"unified_chip2/11734","predicted_model_label":3,"proba_base":0.041050366079330596,"proba_large":0.23606160566882078,"proba_xl":0.7228880282518486}
{"id":"unified_chip2/152459","predicted_model_label":3,"proba_base":0.1442433373922962,"proba_large":0.17022074993270153,"proba_xl":0.6855359126750022}
{"id":"unified_chip2/37025","predicted_model_label":3,"proba_base":0.18151485570267298,"proba_large":0.27687558077298585,"proba_xl":0.5416095635243412}
{"id":"sharegpt/5D4TSCc_0","predicted_model_label":3,"proba_base":0.325,"proba_large":0.13350435347132056,"proba_xl":0.5414956465286794}
{"id":"unified_chip2/37560","predicted_model_label":3,"proba_base":0.03825742785133648,"proba_large":0.1378356371407533,"proba_xl":0.8239069350079103}
{"id":"unified_chip2/96653","predicted_model_label":1,"proba_base":0.615,"proba_large":0.035,"proba_xl":0.35}
{"id":"unified_chip2/164107","predicted_model_label":3,"proba_base":0.46705032314202,"proba_large":0.04,"proba_xl":0.49294967685797997}
{"id":"unified_chip2/67381","predicted_model_label":3,"proba_base":0.29583144039910836,"proba_large":0.2676729130722122,"proba_xl":0.43649564652867945}
{"id":"unified_chip2/97742","predicted_model_label":1,"proba_base":0.52,"proba_large":0.15,"proba_xl":0.33}
{"id":"itwgpt4/27670","predicted_model_label":1,"proba_base":0.6189448456710516,"proba_large":0.18,"proba_xl":0.20105515432894852}
{"id":"unified_chip2/69043","predicted_model_label":1,"proba_base":0.8,"proba_large":0.08440553125171352,"proba_xl":0.11559446874828648}
{"id":"itwgpt4/40533","predicted_model_label":3,"proba_base":0.3,"proba_large":0.33,"proba_xl":0.37}
{"id":"unified_chip2/28142","predicted_model_label":1,"proba_base":0.5393174272887257,"proba_large":0.005,"proba_xl":0.4556825727112744}
{"id":"unified_chip2/18697","predicted_model_label":3,"proba_base":0.1482574278513365,"proba_large":0.20620181665365983,"proba_xl":0.6455407554950037}
{"id":"itwgpt4/9196","predicted_model_label":3,"proba_base":0.36583144039910837,"proba_large":0.2518660227832309,"proba_xl":0.38230253681766074}
{"id":"unified_chip2/72948","predicted_model_label":3,"proba_base":0.3924155676643239,"proba_large":0.055,"proba_xl":0.5525844323356761}
{"id":"itwgpt4/11906","predicted_model_label":1,"proba_base":0.425,"proba_large":0.215,"proba_xl":0.36}
{"id":"itwgpt4/7561","predicted_model_label":1,"proba_base":0.511147386595511,"proba_large":0.1988526134044891,"proba_xl":0.29}
{"id":"sharegpt/Caxpnd3_0","predicted_model_label":1,"proba_base":0.4722188544558382,"proba_large":0.17462808123903956,"proba_xl":0.3531530643051222}
{"id":"sharegpt/oDoLdHY_39","predicted_model_label":1,"proba_base":0.42838317147657334,"proba_large":0.2283786098460837,"proba_xl":0.34323821867734294}
{"id":"unified_chip2/88981","predicted_model_label":3,"proba_base":0.31133112114909195,"proba_large":0.20997505905078215,"proba_xl":0.47869381980012593}
{"id":"unified_chip2/99808","predicted_model_label":3,"proba_base":0.13,"proba_large":0.15801312913721974,"proba_xl":0.7119868708627802}
{"id":"dolly_15k/general_qa/1290","predicted_model_label":1,"proba_base":0.8122022735223879,"proba_large":0.05,"proba_xl":0.13779772647761201}
{"id":"dolly_15k/general_qa/775","predicted_model_label":1,"proba_base":0.575,"proba_large":0.26,"proba_xl":0.165}
{"id":"unified_chip2/139291","predicted_model_label":3,"proba_base":0.09,"proba_large":0.0675877893852725,"proba_xl":0.8424122106147276}
{"id":"dolly_15k/open_qa/2621","predicted_model_label":3,"proba_base":0.0,"proba_large":0.012309044776805942,"proba_xl":0.9876909552231941}
{"id":"unified_chip2/20153","predicted_model_label":2,"proba_base":0.2383659736492777,"proba_large":0.4202962277800955,"proba_xl":0.3413377985706268}
{"id":"unified_chip2/62096","predicted_model_label":1,"proba_base":0.4249763061705138,"proba_large":0.155,"proba_xl":0.42002369382948623}
{"id":"unified_chip2/150906","predicted_model_label":3,"proba_base":0.06517691662913053,"proba_large":0.08074588108782885,"proba_xl":0.8540772022830407}
{"id":"unified_chip2/3354","predicted_model_label":1,"proba_base":0.73,"proba_large":0.048335604090347456,"proba_xl":0.2216643959096526}
{"id":"dolly_15k/brainstorming/840","predicted_model_label":3,"proba_base":0.13424333739229619,"proba_large":0.09889927983599911,"proba_xl":0.7668573827717047}
{"id":"unified_chip2/47688","predicted_model_label":3,"proba_base":0.3260259018434445,"proba_large":0.22948715857051716,"proba_xl":0.44448693958603835}
{"id":"unified_chip2/77631","predicted_model_label":3,"proba_base":0.1374225211887153,"proba_large":0.09290082297983111,"proba_xl":0.7696766558314535}
{"id":"unified_chip2/58683","predicted_model_label":3,"proba_base":0.085,"proba_large":0.04,"proba_xl":0.875}
{"id":"unified_chip2/155454","predicted_model_label":3,"proba_base":0.23079758341019313,"proba_large":0.325857475257041,"proba_xl":0.44334494133276586}
{"id":"unified_chip2/81662","predicted_model_label":2,"proba_base":0.0,"proba_large":0.9008355353670894,"proba_xl":0.09916446463291063}
{"id":"unified_chip2/129602","predicted_model_label":3,"proba_base":0.135,"proba_large":0.12350435347132055,"proba_xl":0.7414956465286795}
{"id":"itwgpt4/25094","predicted_model_label":1,"proba_base":0.57,"proba_large":0.165,"proba_xl":0.265}
{"id":"unified_chip2/127291","predicted_model_label":3,"proba_base":0.055,"proba_large":0.37676131232285487,"proba_xl":0.5682386876771452}
{"id":"unified_chip2/674","predicted_model_label":3,"proba_base":0.18178400587456786,"proba_large":0.11511201984174824,"proba_xl":0.7031039742836839}
{"id":"unified_chip2/48411","predicted_model_label":1,"proba_base":0.82,"proba_large":0.11,"proba_xl":0.07}
{"id":"dolly_15k/classification/705","predicted_model_label":1,"proba_base":0.6,"proba_large":0.032192607282806075,"proba_xl":0.3678073927171939}
{"id":"unified_chip2/140194","predicted_model_label":3,"proba_base":0.16894484567105153,"proba_large":0.32754293347518915,"proba_xl":0.5035122208537594}
{"id":"unified_chip2/58216","predicted_model_label":1,"proba_base":0.6201603970016432,"proba_large":0.185,"proba_xl":0.19483960299835676}
{"id":"itwgpt4/21811","predicted_model_label":1,"proba_base":0.56,"proba_large":0.27,"proba_xl":0.17}
{"id":"unified_chip2/120563","predicted_model_label":1,"proba_base":0.7144957831521207,"proba_large":0.03,"proba_xl":0.25550421684787933}
{"id":"unified_chip2/13476","predicted_model_label":3,"proba_base":0.1800378190293147,"proba_large":0.234186150623311,"proba_xl":0.5857760303473742}
{"id":"itwgpt4/24504","predicted_model_label":1,"proba_base":0.395,"proba_large":0.22350435347132055,"proba_xl":0.38149564652867946}
{"id":"unified_chip2/60952","predicted_model_label":2,"proba_base":0.11394484567105151,"proba_large":0.4935289240679128,"proba_xl":0.3925262302610357}
{"id":"unified_chip2/19496","predicted_model_label":3,"proba_base":0.125,"proba_large":0.1970087069426411,"proba_xl":0.6779912930573588}
{"id":"dolly_15k/open_qa/1423","predicted_model_label":3,"proba_base":0.015,"proba_large":0.03,"proba_xl":0.955}
{"id":"unified_chip2/30164","predicted_model_label":3,"proba_base":0.15605949668600355,"proba_large":0.298608001411986,"proba_xl":0.5453325019020104}
{"id":"unified_chip2/20290","predicted_model_label":3,"proba_base":0.06045970137372445,"proba_large":0.07200870694264111,"proba_xl":0.8675315916836346}
{"id":"sharegpt/QFVxKHe_0","predicted_model_label":3,"proba_base":0.2904779791205496,"proba_large":0.3130508888788918,"proba_xl":0.3964711320005586}
{"id":"unified_chip2/116150","predicted_model_label":3,"proba_base":0.365453260069085,"proba_large":0.07857421092868325,"proba_xl":0.5559725290022316}
{"id":"unified_chip2/48181","predicted_model_label":3,"proba_base":0.0032574278513364807,"proba_large":0.47165919246940274,"proba_xl":0.5250833796792608}
{"id":"unified_chip2/48123","predicted_model_label":3,"proba_base":0.005,"proba_large":0.16850435347132056,"proba_xl":0.8264956465286795}
{"id":"unified_chip2/163498","predicted_model_label":3,"proba_base":0.11270692944684518,"proba_large":0.2653418229016924,"proba_xl":0.6219512476514625}
{"id":"unified_chip2/137595","predicted_model_label":3,"proba_base":0.18325742785133647,"proba_large":0.035,"proba_xl":0.7817425721486635}
{"id":"unified_chip2/70531","predicted_model_label":3,"proba_base":0.20318818306334765,"proba_large":0.0,"proba_xl":0.7968118169366523}
{"id":"unified_chip2/17835","predicted_model_label":1,"proba_base":0.5852557940094067,"proba_large":0.08020390736431776,"proba_xl":0.3345402986262755}
{"id":"unified_chip2/53187","predicted_model_label":3,"proba_base":0.17013257298496146,"proba_large":0.22262501177078847,"proba_xl":0.60724241524425}
{"id":"sharegpt/mWsFRK3_94","predicted_model_label":3,"proba_base":0.3,"proba_large":0.235,"proba_xl":0.465}
{"id":"unified_chip2/21601","predicted_model_label":3,"proba_base":0.020760845513434684,"proba_large":0.138092150494195,"proba_xl":0.8411470039923704}
{"id":"unified_chip2/120732","predicted_model_label":3,"proba_base":0.10825742785133649,"proba_large":0.20464927997545498,"proba_xl":0.6870932921732086}
{"id":"unified_chip2/127592","predicted_model_label":3,"proba_base":0.028073693297755456,"proba_large":0.09083379105267213,"proba_xl":0.8810925156495726}
{"id":"dolly_15k/open_qa/3484","predicted_model_label":3,"proba_base":0.105,"proba_large":0.155,"proba_xl":0.74}
{"id":"unified_chip2/148533","predicted_model_label":3,"proba_base":0.315,"proba_large":0.235,"proba_xl":0.45}
{"id":"unified_chip2/859","predicted_model_label":1,"proba_base":0.42721216608133433,"proba_large":0.1514734219767686,"proba_xl":0.42131441194189706}
{"id":"unified_chip2/91765","predicted_model_label":3,"proba_base":0.08721885445583819,"proba_large":0.09628549901548236,"proba_xl":0.8164956465286796}
{"id":"unified_chip2/86760","predicted_model_label":1,"proba_base":0.4382574278513365,"proba_large":0.18,"proba_xl":0.38174257214866353}
{"id":"unified_chip2/63418","predicted_model_label":3,"proba_base":0.2432574278513365,"proba_large":0.045,"proba_xl":0.7117425721486634}
{"id":"unified_chip2/115443","predicted_model_label":3,"proba_base":0.15825742785133648,"proba_large":0.085,"proba_xl":0.7567425721486635}
{"id":"unified_chip2/151342","predicted_model_label":3,"proba_base":0.33636041333537536,"proba_large":0.145,"proba_xl":0.5186395866646246}
{"id":"unified_chip2/164405","predicted_model_label":2,"proba_base":0.16,"proba_large":0.4212589415017905,"proba_xl":0.4187410584982095}
{"id":"dolly_15k/general_qa/646","predicted_model_label":1,"proba_base":0.465,"proba_large":0.1838992798359991,"proba_xl":0.3511007201640009}
{"id":"unified_chip2/102323","predicted_model_label":3,"proba_base":0.16201590934858462,"proba_large":0.21216143963839632,"proba_xl":0.625822651013019}
{"id":"unified_chip2/77245","predicted_model_label":2,"proba_base":0.043526578023231385,"proba_large":0.7155940802762365,"proba_xl":0.24087934170053213}
{"id":"unified_chip2/7911","predicted_model_label":3,"proba_base":0.3,"proba_large":0.07412065829946789,"proba_xl":0.6258793417005322}
{"id":"dolly_15k/brainstorming/1360","predicted_model_label":3,"proba_base":0.41,"proba_large":0.1621926072828061,"proba_xl":0.4278073927171939}
{"id":"unified_chip2/13932","predicted_model_label":3,"proba_base":0.10221885445583818,"proba_large":0.2712854990154824,"proba_xl":0.6264956465286794}
{"id":"itwgpt4/22721","predicted_model_label":3,"proba_base":0.34,"proba_large":0.2,"proba_xl":0.46}
{"id":"unified_chip2/17037","predicted_model_label":3,"proba_base":0.19,"proba_large":0.16350435347132056,"proba_xl":0.6464956465286795}
{"id":"unified_chip2/29934","predicted_model_label":3,"proba_base":0.035,"proba_large":0.07850435347132055,"proba_xl":0.8864956465286795}
{"id":"itwgpt4/33122","predicted_model_label":1,"proba_base":0.57,"proba_large":0.14,"proba_xl":0.29}
{"id":"unified_chip2/88467","predicted_model_label":2,"proba_base":0.085,"proba_large":0.4726974631823393,"proba_xl":0.44230253681766074}
{"id":"unified_chip2/111898","predicted_model_label":2,"proba_base":0.04,"proba_large":0.8339495956858827,"proba_xl":0.12605040431411746}
{"id":"dolly_15k/open_qa/463","predicted_model_label":3,"proba_base":0.285,"proba_large":0.24,"proba_xl":0.475}
{"id":"itwgpt4/30297","predicted_model_label":1,"proba_base":0.545,"proba_large":0.21850435347132055,"proba_xl":0.23649564652867944}
{"id":"unified_chip2/18747","predicted_model_label":3,"proba_base":0.035,"proba_large":0.01,"proba_xl":0.955}
{"id":"itwgpt4/50044","predicted_model_label":3,"proba_base":0.175,"proba_large":0.375,"proba_xl":0.45}
{"id":"unified_chip2/72722","predicted_model_label":3,"proba_base":0.045,"proba_large":0.06659541360965263,"proba_xl":0.8884045863903474}
{"id":"itwgpt4/23358","predicted_model_label":1,"proba_base":0.72,"proba_large":0.105,"proba_xl":0.175}
{"id":"unified_chip2/31404","predicted_model_label":1,"proba_base":0.5542428958854485,"proba_large":0.07071059231955902,"proba_xl":0.37504651179499254}
{"id":"itwgpt4/16932","predicted_model_label":3,"proba_base":0.38,"proba_large":0.22,"proba_xl":0.4}
{"id":"unified_chip2/44429","predicted_model_label":3,"proba_base":0.17848667478459238,"proba_large":0.30984626413170263,"proba_xl":0.5116670610837051}
{"id":"unified_chip2/109904","predicted_model_label":1,"proba_base":0.4982574278513365,"proba_large":0.007697463182339282,"proba_xl":0.49404510896632425}
{"id":"unified_chip2/142985","predicted_model_label":3,"proba_base":0.2102401914723976,"proba_large":0.12029633020682269,"proba_xl":0.6694634783207798}
{"id":"unified_chip2/17181","predicted_model_label":3,"proba_base":0.205,"proba_large":0.3017155407293706,"proba_xl":0.49328445927062936}
{"id":"unified_chip2/50596","predicted_model_label":2,"proba_base":0.105,"proba_large":0.495,"proba_xl":0.4}
{"id":"unified_chip2/130221","predicted_model_label":3,"proba_base":0.2855558249580275,"proba_large":0.28444417504197245,"proba_xl":0.43}
{"id":"unified_chip2/150465","predicted_model_label":2,"proba_base":0.3360382987261515,"proba_large":0.6613873849683088,"proba_xl":0.002574316305538853}
{"id":"unified_chip2/125280","predicted_model_label":3,"proba_base":0.09325742785133649,"proba_large":0.30051306041396164,"proba_xl":0.6062295117347019}
{"id":"unified_chip2/87405","predicted_model_label":1,"proba_base":0.5070933085398542,"proba_large":0.041889913366520315,"proba_xl":0.4510167780936255}
{"id":"itwgpt4/35507","predicted_model_label":3,"proba_base":0.4469430159094394,"proba_large":0.105,"proba_xl":0.44805698409056055}
{"id":"dolly_15k/classification/553","predicted_model_label":1,"proba_base":0.5835265780232314,"proba_large":0.17647342197676863,"proba_xl":0.24}
{"id":"unified_chip2/49836","predicted_model_label":3,"proba_base":0.08660270570044729,"proba_large":0.23426440253723915,"proba_xl":0.6791328917623136}
{"id":"unified_chip2/31851","predicted_model_label":2,"proba_base":0.27116370012688973,"proba_large":0.49278114554416175,"proba_xl":0.23605515432894847}
{"id":"unified_chip2/14024","predicted_model_label":3,"proba_base":0.3237626952174278,"proba_large":0.07197393960769641,"proba_xl":0.6042633651748757}
{"id":"unified_chip2/130656","predicted_model_label":3,"proba_base":0.06430922575205199,"proba_large":0.26647310825369486,"proba_xl":0.6692176659942531}
{"id":"itwgpt4/20847","predicted_model_label":1,"proba_base":0.48807369329775546,"proba_large":0.10192630670224455,"proba_xl":0.41}
{"id":"unified_chip2/2286","predicted_model_label":3,"proba_base":0.1598311353286478,"proba_large":0.15,"proba_xl":0.6901688646713522}
{"id":"itwgpt4/44513","predicted_model_label":1,"proba_base":0.485,"proba_large":0.165,"proba_xl":0.35}
{"id":"sharegpt/VW7V5Me_0","predicted_model_label":1,"proba_base":0.6822188544558382,"proba_large":0.1248336792115703,"proba_xl":0.1929474663325915}
{"id":"unified_chip2/46781","predicted_model_label":1,"proba_base":0.5128267662980924,"proba_large":0.07587594062291396,"proba_xl":0.41129729307899376}
{"id":"unified_chip2/4567","predicted_model_label":3,"proba_base":0.29125038948534354,"proba_large":0.32654434381962105,"proba_xl":0.38220526669503535}
{"id":"unified_chip2/76590","predicted_model_label":1,"proba_base":0.5589448456710515,"proba_large":0.06,"proba_xl":0.3810551543289485}
{"id":"unified_chip2/7152","predicted_model_label":3,"proba_base":0.3222188544558382,"proba_large":0.1721584113331334,"proba_xl":0.5056227342110284}
{"id":"itwgpt4/48894","predicted_model_label":3,"proba_base":0.355,"proba_large":0.125,"proba_xl":0.52}
{"id":"unified_chip2/155992","predicted_model_label":3,"proba_base":0.12412176230018203,"proba_large":0.3395304742992439,"proba_xl":0.5363477634005741}
{"id":"unified_chip2/128161","predicted_model_label":3,"proba_base":0.10142578907131675,"proba_large":0.2906423559520673,"proba_xl":0.607931854976616}
{"id":"unified_chip2/81326","predicted_model_label":3,"proba_base":0.3348455415145479,"proba_large":0.09792849113357788,"proba_xl":0.5672259673518742}
{"id":"unified_chip2/161635","predicted_model_label":2,"proba_base":0.0,"proba_large":0.7309967804701698,"proba_xl":0.2690032195298301}
{"id":"unified_chip2/156657","predicted_model_label":2,"proba_base":0.008526578023231384,"proba_large":0.8934756995365285,"proba_xl":0.09799772244023998}
{"id":"unified_chip2/116722","predicted_model_label":3,"proba_base":0.207202273522388,"proba_large":0.18,"proba_xl":0.612797726477612}
{"id":"unified_chip2/30880","predicted_model_label":3,"proba_base":0.29913834323363225,"proba_large":0.0877811455441618,"proba_xl":0.613080511222206}
{"id":"unified_chip2/81859","predicted_model_label":3,"proba_base":0.12,"proba_large":0.043504353471320555,"proba_xl":0.8364956465286795}
{"id":"unified_chip2/62411","predicted_model_label":3,"proba_base":0.3201551380508219,"proba_large":0.145,"proba_xl":0.534844861949178}
{"id":"unified_chip2/52485","predicted_model_label":3,"proba_base":0.2281881830633477,"proba_large":0.26,"proba_xl":0.5118118169366522}
{"id":"unified_chip2/163521","predicted_model_label":3,"proba_base":0.19642578907131675,"proba_large":0.11159414906415023,"proba_xl":0.691980061864533}
{"id":"unified_chip2/135042","predicted_model_label":3,"proba_base":0.09690207137849143,"proba_large":0.3875795579566943,"proba_xl":0.5155183706648142}
{"id":"unified_chip2/48365","predicted_model_label":3,"proba_base":0.11567299551566038,"proba_large":0.23882682842444825,"proba_xl":0.6455001760598913}
{"id":"unified_chip2/9930","predicted_model_label":3,"proba_base":0.19563210928657387,"proba_large":0.2942636611508562,"proba_xl":0.51010422956257}
{"id":"unified_chip2/86945","predicted_model_label":1,"proba_base":0.71,"proba_large":0.24,"proba_xl":0.05}
{"id":"unified_chip2/64695","predicted_model_label":3,"proba_base":0.025,"proba_large":0.025,"proba_xl":0.95}
{"id":"unified_chip2/32230","predicted_model_label":3,"proba_base":0.025,"proba_large":0.04862079096532042,"proba_xl":0.9263792090346797}
{"id":"unified_chip2/76726","predicted_model_label":3,"proba_base":0.19,"proba_large":0.115,"proba_xl":0.695}
{"id":"unified_chip2/66843","predicted_model_label":3,"proba_base":0.11477106692042754,"proba_large":0.31778656276537465,"proba_xl":0.5674423703141978}
{"id":"unified_chip2/40540","predicted_model_label":2,"proba_base":0.07,"proba_large":0.8176250117707883,"proba_xl":0.11237498822921156}
{"id":"unified_chip2/70559","predicted_model_label":3,"proba_base":0.0722188544558382,"proba_large":0.4169353561999652,"proba_xl":0.5108457893441966}
{"id":"dolly_15k/general_qa/1076","predicted_model_label":3,"proba_base":0.215,"proba_large":0.295,"proba_xl":0.49}
{"id":"itwgpt4/33840","predicted_model_label":1,"proba_base":0.46,"proba_large":0.17,"proba_xl":0.37}
{"id":"unified_chip2/115551","predicted_model_label":3,"proba_base":0.38194301590943947,"proba_large":0.21330481108771263,"proba_xl":0.4047521730028479}
{"id":"unified_chip2/22385","predicted_model_label":3,"proba_base":0.2598671947792516,"proba_large":0.18924761078002422,"proba_xl":0.5508851944407241}
{"id":"unified_chip2/63687","predicted_model_label":1,"proba_base":0.7189448456710515,"proba_large":0.06412065829946789,"proba_xl":0.21693449602948062}
{"id":"unified_chip2/132457","predicted_model_label":3,"proba_base":0.021147386595510912,"proba_large":0.4419783576274807,"proba_xl":0.5368742557770083}
{"id":"unified_chip2/98852","predicted_model_label":3,"proba_base":0.20720227352238801,"proba_large":0.1526974631823393,"proba_xl":0.6401002632952728}
{"id":"unified_chip2/111263","predicted_model_label":1,"proba_base":0.6579161898405377,"proba_large":0.09920241658980686,"proba_xl":0.24288139356965543}
{"id":"unified_chip2/36497","predicted_model_label":3,"proba_base":0.10468321692265324,"proba_large":0.3253109240761656,"proba_xl":0.5700058590011811}
{"id":"unified_chip2/91421","predicted_model_label":3,"proba_base":0.31,"proba_large":0.27,"proba_xl":0.42}
{"id":"itwgpt4/5053","predicted_model_label":1,"proba_base":0.48,"proba_large":0.155,"proba_xl":0.365}
{"id":"itwgpt4/50183","predicted_model_label":1,"proba_base":0.42,"proba_large":0.16,"proba_xl":0.42}
{"id":"itwgpt4/9448","predicted_model_label":1,"proba_base":0.47,"proba_large":0.14,"proba_xl":0.39}
{"id":"unified_chip2/83544","predicted_model_label":3,"proba_base":0.005,"proba_large":0.05,"proba_xl":0.945}
{"id":"unified_chip2/115853","predicted_model_label":1,"proba_base":0.5361637001268897,"proba_large":0.1027811455441618,"proba_xl":0.36105515432894847}
{"id":"unified_chip2/24420","predicted_model_label":3,"proba_base":0.1594211279782262,"proba_large":0.23569783926544313,"proba_xl":0.6048810327563306}
{"id":"unified_chip2/40506","predicted_model_label":3,"proba_base":0.04,"proba_large":0.3191247679119656,"proba_xl":0.6408752320880343}
{"id":"unified_chip2/10006","predicted_model_label":3,"proba_base":0.1,"proba_large":0.19,"proba_xl":0.71}
{"id":"unified_chip2/87828","predicted_model_label":3,"proba_base":0.19,"proba_large":0.115,"proba_xl":0.695}
{"id":"unified_chip2/79983","predicted_model_label":3,"proba_base":0.075,"proba_large":0.29270566769676776,"proba_xl":0.6322943323032323}
{"id":"dolly_15k/classification/2053","predicted_model_label":1,"proba_base":0.505,"proba_large":0.1443772657889716,"proba_xl":0.35062273421102846}
{"id":"itwgpt4/24227","predicted_model_label":3,"proba_base":0.345,"proba_large":0.26,"proba_xl":0.395}
{"id":"unified_chip2/154854","predicted_model_label":2,"proba_base":0.03413834323363224,"proba_large":0.7263415717192996,"proba_xl":0.23952008504706826}
{"id":"unified_chip2/75123","predicted_model_label":1,"proba_base":0.6182574278513365,"proba_large":0.065,"proba_xl":0.3167425721486635}
{"id":"itwgpt4/30794","predicted_model_label":1,"proba_base":0.4312959158270058,"proba_large":0.21662432038676674,"proba_xl":0.3520797637862274}
{"id":"unified_chip2/82132","predicted_model_label":3,"proba_base":0.0,"proba_large":0.0,"proba_xl":1.0}
{"id":"unified_chip2/121899","predicted_model_label":1,"proba_base":0.943642850372785,"proba_large":0.015151450574329237,"proba_xl":0.04120569905288576}
{"id":"unified_chip2/94367","predicted_model_label":3,"proba_base":0.1972188544558382,"proba_large":0.3027811455441618,"proba_xl":0.5}
{"id":"unified_chip2/25371","predicted_model_label":3,"proba_base":0.037415567664323884,"proba_large":0.01,"proba_xl":0.9525844323356761}
{"id":"dolly_15k/brainstorming/629","predicted_model_label":3,"proba_base":0.3661637001268897,"proba_large":0.18817607190884036,"proba_xl":0.4456602279642699}
{"id":"unified_chip2/42541","predicted_model_label":3,"proba_base":0.18363124424987143,"proba_large":0.1934606468423361,"proba_xl":0.6229081089077925}
{"id":"itwgpt4/2061","predicted_model_label":1,"proba_base":0.57,"proba_large":0.17,"proba_xl":0.26}
{"id":"laion/unified_chip2/4290","predicted_model_label":3,"proba_base":0.3848334638485703,"proba_large":0.1701857453254233,"proba_xl":0.44498079082600644}
{"id":"unified_chip2/22119","predicted_model_label":3,"proba_base":0.2432574278513365,"proba_large":0.28,"proba_xl":0.4767425721486635}
{"id":"unified_chip2/108190","predicted_model_label":3,"proba_base":0.2950909078479816,"proba_large":0.19596844840327385,"proba_xl":0.5089406437487445}
{"id":"unified_chip2/17266","predicted_model_label":3,"proba_base":0.08159245119305858,"proba_large":0.045,"proba_xl":0.8734075488069415}
{"id":"itwgpt4/35382","predicted_model_label":3,"proba_base":0.3974155676643239,"proba_large":0.155,"proba_xl":0.44758443233567613}
{"id":"itwgpt4/15796","predicted_model_label":3,"proba_base":0.25,"proba_large":0.275,"proba_xl":0.475}
{"id":"unified_chip2/129022","predicted_model_label":3,"proba_base":0.215,"proba_large":0.2,"proba_xl":0.585}
{"id":"unified_chip2/25171","predicted_model_label":1,"proba_base":0.7606691264636131,"proba_large":0.02357421092868324,"proba_xl":0.2157566626077038}
{"id":"itwgpt4/42785","predicted_model_label":1,"proba_base":0.495,"proba_large":0.2,"proba_xl":0.305}
