{"id":"unified_chip2/5381","predicted_model_label":3,"proba_base":0.025,"proba_large":0.18654852485604687,"proba_xl":0.7884514751439533}
{"id":"unified_chip2/10189","predicted_model_label":3,"proba_base":0.025,"proba_large":0.15906703113857856,"proba_xl":0.8159329688614214}
{"id":"unified_chip2/126674","predicted_model_label":3,"proba_base":0.115,"proba_large":0.05,"proba_xl":0.835}
{"id":"unified_chip2/18558","predicted_model_label":3,"proba_base":0.09384675915003578,"proba_large":0.07914664637460594,"proba_xl":0.8270065944753584}
{"id":"unified_chip2/163004","predicted_model_label":3,"proba_base":0.11315187429207488,"proba_large":0.11583081557891321,"proba_xl":0.7710173101290119}
{"id":"unified_chip2/780","predicted_model_label":3,"proba_base":0.2564587069042901,"proba_large":0.18982413804790302,"proba_xl":0.5537171550478068}
{"id":"unified_chip2/71022","predicted_model_label":3,"proba_base":0.03,"proba_large":0.036972685678792756,"proba_xl":0.9330273143212072}
{"id":"itwgpt4/49673","predicted_model_label":3,"proba_base":0.17395435225819827,"proba_large":0.25,"proba_xl":0.5760456477418017}
{"id":"unified_chip2/65111","predicted_model_label":3,"proba_base":0.005,"proba_large":0.03382061298076923,"proba_xl":0.9611793870192308}
{"id":"unified_chip2/54424","predicted_model_label":3,"proba_base":0.10222476464995615,"proba_large":0.1360768223146327,"proba_xl":0.7616984130354112}
{"id":"unified_chip2/131578","predicted_model_label":3,"proba_base":0.11,"proba_large":0.2570367888144297,"proba_xl":0.6329632111855704}
{"id":"unified_chip2/128055","predicted_model_label":3,"proba_base":0.10769307006175194,"proba_large":0.16803957335663067,"proba_xl":0.7242673565816173}
{"id":"itwgpt4/28735","predicted_model_label":3,"proba_base":0.365,"proba_large":0.21,"proba_xl":0.425}
{"id":"unified_chip2/152921","predicted_model_label":3,"proba_base":0.2669198111678901,"proba_large":0.16,"proba_xl":0.5730801888321099}
{"id":"itwgpt4/2843","predicted_model_label":3,"proba_base":0.14,"proba_large":0.16,"proba_xl":0.7}
{"id":"unified_chip2/65272","predicted_model_label":1,"proba_base":0.7189818875792321,"proba_large":0.023806285799906977,"proba_xl":0.25721182662086106}
{"id":"unified_chip2/80521","predicted_model_label":3,"proba_base":0.10523353221420784,"proba_large":0.28455325639915185,"proba_xl":0.6102132113866403}
{"id":"unified_chip2/47365","predicted_model_label":3,"proba_base":0.045,"proba_large":0.055,"proba_xl":0.9}
{"id":"unified_chip2/137974","predicted_model_label":3,"proba_base":0.09222476464995616,"proba_large":0.22697268567879278,"proba_xl":0.6808025496712511}
{"id":"unified_chip2/162524","predicted_model_label":3,"proba_base":0.0435006441383411,"proba_large":0.3215378754665306,"proba_xl":0.6349614803951285}
{"id":"unified_chip2/136339","predicted_model_label":1,"proba_base":0.46443559569908915,"proba_large":0.10510078414580888,"proba_xl":0.430463620155102}
{"id":"unified_chip2/145946","predicted_model_label":3,"proba_base":0.10465123015373379,"proba_large":0.350793298659562,"proba_xl":0.5445554711867042}
{"id":"dolly_15k/open_qa/1183","predicted_model_label":3,"proba_base":0.165,"proba_large":0.15,"proba_xl":0.685}
{"id":"unified_chip2/5028","predicted_model_label":3,"proba_base":0.04,"proba_large":0.1,"proba_xl":0.86}
{"id":"unified_chip2/40983","predicted_model_label":3,"proba_base":0.03,"proba_large":0.015,"proba_xl":0.955}
{"id":"itwgpt4/48487","predicted_model_label":3,"proba_base":0.33,"proba_large":0.27414664637460595,"proba_xl":0.39585335362539403}
{"id":"unified_chip2/110394","predicted_model_label":3,"proba_base":0.11,"proba_large":0.05,"proba_xl":0.84}
{"id":"itwgpt4/14728","predicted_model_label":3,"proba_base":0.305,"proba_large":0.135,"proba_xl":0.56}
{"id":"unified_chip2/101370","predicted_model_label":1,"proba_base":0.6718428191350618,"proba_large":0.03315718086493818,"proba_xl":0.295}
{"id":"unified_chip2/93523","predicted_model_label":3,"proba_base":0.01,"proba_large":0.005,"proba_xl":0.985}
{"id":"unified_chip2/43006","predicted_model_label":3,"proba_base":0.045,"proba_large":0.08248353241527784,"proba_xl":0.8725164675847222}
{"id":"unified_chip2/7431","predicted_model_label":3,"proba_base":0.16769307006175194,"proba_large":0.055969849372756675,"proba_xl":0.7763370805654914}
{"id":"itwgpt4/41218","predicted_model_label":3,"proba_base":0.225,"proba_large":0.2,"proba_xl":0.575}
{"id":"unified_chip2/67592","predicted_model_label":3,"proba_base":0.20290870451639656,"proba_large":0.23717474153082777,"proba_xl":0.5599165539527757}
{"id":"itwgpt4/23961","predicted_model_label":1,"proba_base":0.365,"proba_large":0.29341755140438114,"proba_xl":0.3415824485956189}
{"id":"dolly_15k/open_qa/115","predicted_model_label":3,"proba_base":0.245,"proba_large":0.19,"proba_xl":0.565}
{"id":"itwgpt4/4480","predicted_model_label":3,"proba_base":0.42,"proba_large":0.125,"proba_xl":0.455}
{"id":"itwgpt4/6395","predicted_model_label":3,"proba_base":0.41,"proba_large":0.115,"proba_xl":0.475}
{"id":"itwgpt4/32665","predicted_model_label":2,"proba_base":0.3266791687258717,"proba_large":0.3601148732097871,"proba_xl":0.3132059580643412}
{"id":"itwgpt4/2984","predicted_model_label":3,"proba_base":0.18,"proba_large":0.315,"proba_xl":0.505}
{"id":"unified_chip2/74026","predicted_model_label":3,"proba_base":0.0952633262612526,"proba_large":0.0093314597172543,"proba_xl":0.8954052140214931}
{"id":"unified_chip2/156521","predicted_model_label":3,"proba_base":0.01,"proba_large":0.005,"proba_xl":0.985}
{"id":"unified_chip2/112359","predicted_model_label":3,"proba_base":0.0,"proba_large":0.03,"proba_xl":0.97}
{"id":"unified_chip2/24123","predicted_model_label":3,"proba_base":0.465,"proba_large":0.05,"proba_xl":0.485}
{"id":"unified_chip2/128489","predicted_model_label":3,"proba_base":0.12222476464995616,"proba_large":0.205,"proba_xl":0.6727752353500439}
{"id":"unified_chip2/109084","predicted_model_label":3,"proba_base":0.2999178347117081,"proba_large":0.16730692993824806,"proba_xl":0.5327752353500438}
{"id":"unified_chip2/139244","predicted_model_label":3,"proba_base":0.18417250054692627,"proba_large":0.11921006030487055,"proba_xl":0.6966174391482032}
{"id":"unified_chip2/80404","predicted_model_label":3,"proba_base":0.18,"proba_large":0.055,"proba_xl":0.765}
{"id":"unified_chip2/138153","predicted_model_label":3,"proba_base":0.06,"proba_large":0.05933145971725431,"proba_xl":0.8806685402827458}
{"id":"unified_chip2/99511","predicted_model_label":3,"proba_base":0.36918143825185373,"proba_large":0.07612754291901731,"proba_xl":0.5546910188291289}
{"id":"unified_chip2/13594","predicted_model_label":3,"proba_base":0.045,"proba_large":0.26382061298076925,"proba_xl":0.6911793870192308}
{"id":"unified_chip2/153853","predicted_model_label":3,"proba_base":0.13,"proba_large":0.06,"proba_xl":0.81}
{"id":"unified_chip2/104051","predicted_model_label":3,"proba_base":0.03,"proba_large":0.035,"proba_xl":0.935}
{"id":"unified_chip2/116318","predicted_model_label":3,"proba_base":0.3039543522581983,"proba_large":0.115,"proba_xl":0.5810456477418017}
{"id":"itwgpt4/9037","predicted_model_label":3,"proba_base":0.26,"proba_large":0.35,"proba_xl":0.39}
{"id":"unified_chip2/60122","predicted_model_label":2,"proba_base":0.185,"proba_large":0.585,"proba_xl":0.23}
{"id":"itwgpt4/20169","predicted_model_label":1,"proba_base":0.46,"proba_large":0.225,"proba_xl":0.315}
{"id":"itwgpt4/23274","predicted_model_label":3,"proba_base":0.1,"proba_large":0.26,"proba_xl":0.64}
{"id":"unified_chip2/14587","predicted_model_label":3,"proba_base":0.025,"proba_large":0.12348155398631777,"proba_xl":0.8515184460136824}
{"id":"itwgpt4/33386","predicted_model_label":3,"proba_base":0.105,"proba_large":0.21,"proba_xl":0.685}
{"id":"unified_chip2/112931","predicted_model_label":3,"proba_base":0.035,"proba_large":0.04487928979298855,"proba_xl":0.9201207102070116}
{"id":"unified_chip2/2699","predicted_model_label":3,"proba_base":0.03,"proba_large":0.13315207269802354,"proba_xl":0.8368479273019764}
{"id":"itwgpt4/10241","predicted_model_label":1,"proba_base":0.415,"proba_large":0.255,"proba_xl":0.33}
{"id":"unified_chip2/27979","predicted_model_label":3,"proba_base":0.08315449806758074,"proba_large":0.32945135991322255,"proba_xl":0.5873941420191967}
{"id":"unified_chip2/13088","predicted_model_label":1,"proba_base":0.45,"proba_large":0.305,"proba_xl":0.245}
{"id":"dolly_15k/brainstorming/935","predicted_model_label":3,"proba_base":0.105,"proba_large":0.11551429463094262,"proba_xl":0.7794857053690575}
{"id":"unified_chip2/97736","predicted_model_label":3,"proba_base":0.17684281913506184,"proba_large":0.20315718086493817,"proba_xl":0.62}
{"id":"unified_chip2/68759","predicted_model_label":3,"proba_base":0.22395435225819826,"proba_large":0.09933145971725431,"proba_xl":0.6767141880245474}
{"id":"unified_chip2/131044","predicted_model_label":3,"proba_base":0.01,"proba_large":0.0793314597172543,"proba_xl":0.9106685402827458}
{"id":"unified_chip2/87861","predicted_model_label":3,"proba_base":0.33032532739986536,"proba_large":0.07,"proba_xl":0.5996746726001345}
{"id":"unified_chip2/42176","predicted_model_label":3,"proba_base":0.0720012882766822,"proba_large":0.0879987117233178,"proba_xl":0.84}
{"id":"itwgpt4/2548","predicted_model_label":3,"proba_base":0.28,"proba_large":0.245,"proba_xl":0.475}
{"id":"itwgpt4/26208","predicted_model_label":1,"proba_base":0.455,"proba_large":0.18,"proba_xl":0.365}
{"id":"unified_chip2/12774","predicted_model_label":3,"proba_base":0.005,"proba_large":0.0,"proba_xl":0.995}
{"id":"unified_chip2/36737","predicted_model_label":3,"proba_base":0.05895435225819828,"proba_large":0.04,"proba_xl":0.9010456477418017}
{"id":"unified_chip2/139598","predicted_model_label":3,"proba_base":0.11441612318141474,"proba_large":0.065,"proba_xl":0.8205838768185854}
{"id":"unified_chip2/157108","predicted_model_label":3,"proba_base":0.09,"proba_large":0.22573264341838262,"proba_xl":0.6842673565816174}
{"id":"unified_chip2/6812","predicted_model_label":2,"proba_base":0.035,"proba_large":0.74,"proba_xl":0.225}
{"id":"itwgpt4/25006","predicted_model_label":3,"proba_base":0.21,"proba_large":0.21,"proba_xl":0.58}
{"id":"unified_chip2/35175","predicted_model_label":3,"proba_base":0.07777182928224972,"proba_large":0.005,"proba_xl":0.9172281707177501}
{"id":"dolly_15k/general_qa/885","predicted_model_label":3,"proba_base":0.16441612318141474,"proba_large":0.26,"proba_xl":0.5755838768185852}
{"id":"unified_chip2/84907","predicted_model_label":3,"proba_base":0.16587766985519806,"proba_large":0.21027823937462475,"proba_xl":0.6238440907701771}
{"id":"unified_chip2/103136","predicted_model_label":3,"proba_base":0.31550265116620346,"proba_large":0.055,"proba_xl":0.6294973488337964}
{"id":"unified_chip2/18378","predicted_model_label":3,"proba_base":0.005,"proba_large":0.18451143586575813,"proba_xl":0.8104885641342419}
{"id":"unified_chip2/100070","predicted_model_label":2,"proba_base":0.1259634824535098,"proba_large":0.6811275429190172,"proba_xl":0.1929089746274729}
{"id":"unified_chip2/86951","predicted_model_label":3,"proba_base":0.18395435225819828,"proba_large":0.155,"proba_xl":0.6610456477418017}
{"id":"unified_chip2/46998","predicted_model_label":2,"proba_base":0.005,"proba_large":0.774763097482932,"proba_xl":0.22023690251706637}
{"id":"unified_chip2/154212","predicted_model_label":3,"proba_base":0.19718825497119497,"proba_large":0.282811745028805,"proba_xl":0.52}
{"id":"unified_chip2/32995","predicted_model_label":3,"proba_base":0.17,"proba_large":0.02882061298076923,"proba_xl":0.8011793870192307}
{"id":"unified_chip2/145692","predicted_model_label":3,"proba_base":0.05508313321870057,"proba_large":0.19066178796253067,"proba_xl":0.7542550788187689}
{"id":"unified_chip2/77946","predicted_model_label":2,"proba_base":0.01,"proba_large":0.98,"proba_xl":0.01}
{"id":"unified_chip2/124668","predicted_model_label":3,"proba_base":0.04,"proba_large":0.24530908662423986,"proba_xl":0.7146909133757602}
{"id":"unified_chip2/118564","predicted_model_label":3,"proba_base":0.06895435225819828,"proba_large":0.19486635582201609,"proba_xl":0.7361792919197857}
{"id":"dolly_15k/brainstorming/638","predicted_model_label":3,"proba_base":0.095,"proba_large":0.165,"proba_xl":0.74}
{"id":"unified_chip2/118104","predicted_model_label":2,"proba_base":0.04050152511446758,"proba_large":0.6827844265516912,"proba_xl":0.276714048333841}
{"id":"itwgpt4/22053","predicted_model_label":3,"proba_base":0.19395435225819826,"proba_large":0.315,"proba_xl":0.4910456477418017}
{"id":"unified_chip2/128380","predicted_model_label":2,"proba_base":0.005,"proba_large":0.7561828349136883,"proba_xl":0.2388171650863117}
{"id":"dolly_15k/brainstorming/1095","predicted_model_label":3,"proba_base":0.215,"proba_large":0.1790664343009207,"proba_xl":0.6059335656990793}
{"id":"unified_chip2/139421","predicted_model_label":3,"proba_base":0.3441676468328731,"proba_large":0.11315718086493819,"proba_xl":0.5426751723021888}
{"id":"unified_chip2/137793","predicted_model_label":3,"proba_base":0.06395435225819827,"proba_large":0.22315207269802353,"proba_xl":0.7128935750437781}
{"id":"unified_chip2/36180","predicted_model_label":3,"proba_base":0.028954352258198278,"proba_large":0.12764122596153846,"proba_xl":0.8434044217802633}
{"id":"unified_chip2/135585","predicted_model_label":3,"proba_base":0.02,"proba_large":0.03223737462607778,"proba_xl":0.9477626253739223}
{"id":"unified_chip2/127598","predicted_model_label":3,"proba_base":0.08722476464995615,"proba_large":0.24217474153082771,"proba_xl":0.670600493819216}
{"id":"unified_chip2/96990","predicted_model_label":3,"proba_base":0.08799886502818943,"proba_large":0.06,"proba_xl":0.8520011349718106}
{"id":"sharegpt/yaOAhIw_0","predicted_model_label":3,"proba_base":0.015,"proba_large":0.005,"proba_xl":0.98}
{"id":"unified_chip2/94464","predicted_model_label":3,"proba_base":0.06664088783137088,"proba_large":0.09290738494921034,"proba_xl":0.840451727219419}
{"id":"unified_chip2/64041","predicted_model_label":2,"proba_base":0.033954352258198275,"proba_large":0.49104769650978625,"proba_xl":0.47499795123201544}
{"id":"unified_chip2/27022","predicted_model_label":3,"proba_base":0.015,"proba_large":0.06882061298076923,"proba_xl":0.9161793870192309}
{"id":"unified_chip2/103644","predicted_model_label":3,"proba_base":0.08941612318141473,"proba_large":0.04382061298076923,"proba_xl":0.866763263837816}
{"id":"unified_chip2/87925","predicted_model_label":3,"proba_base":0.04,"proba_large":0.24,"proba_xl":0.72}
{"id":"unified_chip2/11734","predicted_model_label":3,"proba_base":0.045,"proba_large":0.10961391164033123,"proba_xl":0.8453860883596687}
{"id":"unified_chip2/152459","predicted_model_label":3,"proba_base":0.08065356924097568,"proba_large":0.08073264341838261,"proba_xl":0.8386137873406417}
{"id":"unified_chip2/37025","predicted_model_label":3,"proba_base":0.065,"proba_large":0.08759595753368721,"proba_xl":0.8474040424663127}
{"id":"sharegpt/5D4TSCc_0","predicted_model_label":3,"proba_base":0.21474885257330667,"proba_large":0.1683541285500585,"proba_xl":0.6168970188766348}
{"id":"unified_chip2/37560","predicted_model_label":3,"proba_base":0.0485006441383411,"proba_large":0.0913940324679756,"proba_xl":0.8601053233936834}
{"id":"unified_chip2/96653","predicted_model_label":1,"proba_base":0.5236847990158155,"proba_large":0.050731324165599244,"proba_xl":0.4255838768185853}
{"id":"unified_chip2/164107","predicted_model_label":3,"proba_base":0.32156249652932006,"proba_large":0.19007142111568598,"proba_xl":0.4883660823549939}
{"id":"unified_chip2/67381","predicted_model_label":3,"proba_base":0.14742987578299183,"proba_large":0.315,"proba_xl":0.5375701242170081}
{"id":"unified_chip2/97742","predicted_model_label":3,"proba_base":0.32,"proba_large":0.15882061298076924,"proba_xl":0.5211793870192308}
{"id":"itwgpt4/27670","predicted_model_label":3,"proba_base":0.355,"proba_large":0.265,"proba_xl":0.38}
{"id":"unified_chip2/69043","predicted_model_label":1,"proba_base":0.72,"proba_large":0.125,"proba_xl":0.155}
{"id":"itwgpt4/40533","predicted_model_label":3,"proba_base":0.145,"proba_large":0.29,"proba_xl":0.565}
{"id":"unified_chip2/28142","predicted_model_label":1,"proba_base":0.5760162335847756,"proba_large":0.0,"proba_xl":0.42398376641522456}
{"id":"unified_chip2/18697","predicted_model_label":3,"proba_base":0.095,"proba_large":0.09987860058761625,"proba_xl":0.8051213994123837}
{"id":"itwgpt4/9196","predicted_model_label":3,"proba_base":0.255,"proba_large":0.225,"proba_xl":0.52}
{"id":"unified_chip2/72948","predicted_model_label":3,"proba_base":0.225,"proba_large":0.045,"proba_xl":0.73}
{"id":"itwgpt4/11906","predicted_model_label":3,"proba_base":0.24,"proba_large":0.26,"proba_xl":0.5}
{"id":"itwgpt4/7561","predicted_model_label":1,"proba_base":0.4,"proba_large":0.28,"proba_xl":0.32}
{"id":"sharegpt/Caxpnd3_0","predicted_model_label":3,"proba_base":0.39722476464995615,"proba_large":0.18809141745684413,"proba_xl":0.4146838178931997}
{"id":"sharegpt/oDoLdHY_39","predicted_model_label":3,"proba_base":0.27,"proba_large":0.30882061298076924,"proba_xl":0.4211793870192308}
{"id":"unified_chip2/88981","predicted_model_label":3,"proba_base":0.19742987578299181,"proba_large":0.18641657051445645,"proba_xl":0.6161535537025518}
{"id":"unified_chip2/99808","predicted_model_label":3,"proba_base":0.04,"proba_large":0.10473413675211787,"proba_xl":0.8552658632478821}
{"id":"dolly_15k/general_qa/1290","predicted_model_label":2,"proba_base":0.052693070061751925,"proba_large":0.6973069299382482,"proba_xl":0.25}
{"id":"dolly_15k/general_qa/775","predicted_model_label":1,"proba_base":0.475,"proba_large":0.24,"proba_xl":0.285}
{"id":"unified_chip2/139291","predicted_model_label":3,"proba_base":0.055,"proba_large":0.055,"proba_xl":0.89}
{"id":"dolly_15k/open_qa/2621","predicted_model_label":3,"proba_base":0.0,"proba_large":0.0043314597172543,"proba_xl":0.9956685402827458}
{"id":"unified_chip2/20153","predicted_model_label":3,"proba_base":0.09858534477239905,"proba_large":0.4269777938457074,"proba_xl":0.4744368613818935}
{"id":"unified_chip2/62096","predicted_model_label":3,"proba_base":0.07929781553160119,"proba_large":0.3384771497073663,"proba_xl":0.5822250347610325}
{"id":"unified_chip2/150906","predicted_model_label":3,"proba_base":0.048954352258198275,"proba_large":0.02809141745684415,"proba_xl":0.9229542302849575}
{"id":"unified_chip2/3354","predicted_model_label":1,"proba_base":0.415,"proba_large":0.26730294780210156,"proba_xl":0.3176970521978984}
{"id":"dolly_15k/brainstorming/840","predicted_model_label":3,"proba_base":0.06,"proba_large":0.115,"proba_xl":0.825}
{"id":"unified_chip2/47688","predicted_model_label":3,"proba_base":0.065,"proba_large":0.2650641031356369,"proba_xl":0.6699358968643631}
{"id":"unified_chip2/77631","predicted_model_label":3,"proba_base":0.09222476464995616,"proba_large":0.1111828349136883,"proba_xl":0.7965924004363556}
{"id":"unified_chip2/58683","predicted_model_label":3,"proba_base":0.035,"proba_large":0.04,"proba_xl":0.925}
{"id":"unified_chip2/155454","predicted_model_label":3,"proba_base":0.16290140490595867,"proba_large":0.22239520546187258,"proba_xl":0.6147033896321689}
{"id":"unified_chip2/81662","predicted_model_label":2,"proba_base":0.01,"proba_large":0.5513033838954511,"proba_xl":0.43869661610454874}
{"id":"unified_chip2/129602","predicted_model_label":3,"proba_base":0.105,"proba_large":0.065,"proba_xl":0.83}
{"id":"itwgpt4/25094","predicted_model_label":1,"proba_base":0.42,"proba_large":0.325,"proba_xl":0.255}
{"id":"unified_chip2/127291","predicted_model_label":3,"proba_base":0.055,"proba_large":0.29640146122618005,"proba_xl":0.6485985387738199}
{"id":"unified_chip2/674","predicted_model_label":3,"proba_base":0.07269307006175192,"proba_large":0.07730692993824807,"proba_xl":0.85}
{"id":"unified_chip2/48411","predicted_model_label":2,"proba_base":0.24,"proba_large":0.58,"proba_xl":0.18}
{"id":"dolly_15k/classification/705","predicted_model_label":1,"proba_base":0.55,"proba_large":0.038091417456844155,"proba_xl":0.4119085825431559}
{"id":"unified_chip2/140194","predicted_model_label":3,"proba_base":0.04,"proba_large":0.24882061298076924,"proba_xl":0.7111793870192308}
{"id":"unified_chip2/58216","predicted_model_label":1,"proba_base":0.3774298757829918,"proba_large":0.28,"proba_xl":0.3425701242170082}
{"id":"itwgpt4/21811","predicted_model_label":1,"proba_base":0.3541180927955234,"proba_large":0.34588190720447654,"proba_xl":0.3}
{"id":"unified_chip2/120563","predicted_model_label":1,"proba_base":0.722082848910517,"proba_large":0.03181747199615604,"proba_xl":0.24609967909332686}
{"id":"unified_chip2/13476","predicted_model_label":3,"proba_base":0.025,"proba_large":0.13095008608374573,"proba_xl":0.8440499139162543}
{"id":"itwgpt4/24504","predicted_model_label":3,"proba_base":0.215,"proba_large":0.255,"proba_xl":0.53}
{"id":"unified_chip2/60952","predicted_model_label":3,"proba_base":0.03,"proba_large":0.4098828382411463,"proba_xl":0.5601171617588537}
{"id":"unified_chip2/19496","predicted_model_label":3,"proba_base":0.09145804024467367,"proba_large":0.085,"proba_xl":0.8235419597553263}
{"id":"dolly_15k/open_qa/1423","predicted_model_label":3,"proba_base":0.015,"proba_large":0.035,"proba_xl":0.95}
{"id":"unified_chip2/30164","predicted_model_label":3,"proba_base":0.12722476464995616,"proba_large":0.13498765762358014,"proba_xl":0.7377875777264638}
{"id":"unified_chip2/20290","predicted_model_label":3,"proba_base":0.023954352258198277,"proba_large":0.04453351556928928,"proba_xl":0.9315121321725124}
{"id":"sharegpt/QFVxKHe_0","predicted_model_label":3,"proba_base":0.22815530932515307,"proba_large":0.2591595827173738,"proba_xl":0.5126851079574731}
{"id":"unified_chip2/116150","predicted_model_label":3,"proba_base":0.235,"proba_large":0.09422601252764733,"proba_xl":0.6707739874723526}
{"id":"unified_chip2/48181","predicted_model_label":3,"proba_base":0.0,"proba_large":0.0,"proba_xl":1.0}
{"id":"unified_chip2/48123","predicted_model_label":3,"proba_base":0.015,"proba_large":0.09,"proba_xl":0.895}
{"id":"unified_chip2/163498","predicted_model_label":3,"proba_base":0.02,"proba_large":0.1533405817683231,"proba_xl":0.8266594182316769}
{"id":"unified_chip2/137595","predicted_model_label":3,"proba_base":0.15778817337913897,"proba_large":0.025,"proba_xl":0.8172118266208611}
{"id":"unified_chip2/70531","predicted_model_label":3,"proba_base":0.12164088783137089,"proba_large":0.06,"proba_xl":0.8183591121686292}
{"id":"unified_chip2/17835","predicted_model_label":1,"proba_base":0.6382704123917579,"proba_large":0.02259595753368722,"proba_xl":0.3391336300745549}
{"id":"unified_chip2/53187","predicted_model_label":3,"proba_base":0.11187180646171417,"proba_large":0.16300995414385344,"proba_xl":0.7251182393944324}
{"id":"sharegpt/mWsFRK3_94","predicted_model_label":3,"proba_base":0.11,"proba_large":0.325,"proba_xl":0.565}
{"id":"unified_chip2/21601","predicted_model_label":3,"proba_base":0.0335006441383411,"proba_large":0.03796119480396659,"proba_xl":0.9285381610576924}
{"id":"unified_chip2/120732","predicted_model_label":3,"proba_base":0.06,"proba_large":0.09775245901609297,"proba_xl":0.8422475409839072}
{"id":"unified_chip2/127592","predicted_model_label":3,"proba_base":0.015,"proba_large":0.045,"proba_xl":0.94}
{"id":"dolly_15k/open_qa/3484","predicted_model_label":3,"proba_base":0.105,"proba_large":0.095,"proba_xl":0.8}
{"id":"unified_chip2/148533","predicted_model_label":3,"proba_base":0.09,"proba_large":0.205,"proba_xl":0.705}
{"id":"unified_chip2/859","predicted_model_label":3,"proba_base":0.16371393871301593,"proba_large":0.16465653672659708,"proba_xl":0.6716295245603869}
{"id":"unified_chip2/91765","predicted_model_label":3,"proba_base":0.062199362076298066,"proba_large":0.035,"proba_xl":0.902800637923702}
{"id":"unified_chip2/86760","predicted_model_label":3,"proba_base":0.065,"proba_large":0.295,"proba_xl":0.64}
{"id":"unified_chip2/63418","predicted_model_label":3,"proba_base":0.165,"proba_large":0.07,"proba_xl":0.765}
{"id":"unified_chip2/115443","predicted_model_label":3,"proba_base":0.13,"proba_large":0.08191203043761339,"proba_xl":0.7880879695623867}
{"id":"unified_chip2/151342","predicted_model_label":3,"proba_base":0.19441612318141474,"proba_large":0.06,"proba_xl":0.7455838768185853}
{"id":"unified_chip2/164405","predicted_model_label":2,"proba_base":0.035,"proba_large":0.5,"proba_xl":0.465}
{"id":"dolly_15k/general_qa/646","predicted_model_label":3,"proba_base":0.315,"proba_large":0.105,"proba_xl":0.58}
{"id":"unified_chip2/102323","predicted_model_label":3,"proba_base":0.05327041239175788,"proba_large":0.13953351556928928,"proba_xl":0.8071960720389529}
{"id":"unified_chip2/77245","predicted_model_label":2,"proba_base":0.015,"proba_large":0.6826412259615384,"proba_xl":0.3023587740384615}
{"id":"unified_chip2/7911","predicted_model_label":3,"proba_base":0.22269307006175193,"proba_large":0.10045900263627161,"proba_xl":0.6768479273019765}
{"id":"dolly_15k/brainstorming/1360","predicted_model_label":3,"proba_base":0.215,"proba_large":0.24,"proba_xl":0.545}
{"id":"unified_chip2/13932","predicted_model_label":3,"proba_base":0.08827041239175788,"proba_large":0.17882061298076923,"proba_xl":0.732908974627473}
{"id":"itwgpt4/22721","predicted_model_label":3,"proba_base":0.2676930700617519,"proba_large":0.16730692993824806,"proba_xl":0.565}
{"id":"unified_chip2/17037","predicted_model_label":3,"proba_base":0.23395435225819827,"proba_large":0.065,"proba_xl":0.7010456477418018}
{"id":"unified_chip2/29934","predicted_model_label":3,"proba_base":0.02,"proba_large":0.048820612980769236,"proba_xl":0.9311793870192308}
{"id":"itwgpt4/33122","predicted_model_label":1,"proba_base":0.5,"proba_large":0.175,"proba_xl":0.325}
{"id":"unified_chip2/88467","predicted_model_label":3,"proba_base":0.045,"proba_large":0.29882061298076923,"proba_xl":0.6561793870192308}
{"id":"unified_chip2/111898","predicted_model_label":2,"proba_base":0.005,"proba_large":0.74,"proba_xl":0.255}
{"id":"dolly_15k/open_qa/463","predicted_model_label":3,"proba_base":0.12025917811113683,"proba_large":0.22787680937833701,"proba_xl":0.6518640125105262}
{"id":"itwgpt4/30297","predicted_model_label":1,"proba_base":0.4689543522581983,"proba_large":0.22,"proba_xl":0.3110456477418017}
{"id":"unified_chip2/18747","predicted_model_label":3,"proba_base":0.005,"proba_large":0.0,"proba_xl":0.995}
{"id":"itwgpt4/50044","predicted_model_label":3,"proba_base":0.255,"proba_large":0.315,"proba_xl":0.43}
{"id":"unified_chip2/72722","predicted_model_label":3,"proba_base":0.035,"proba_large":0.05,"proba_xl":0.915}
{"id":"itwgpt4/23358","predicted_model_label":1,"proba_base":0.53,"proba_large":0.155,"proba_xl":0.315}
{"id":"unified_chip2/31404","predicted_model_label":3,"proba_base":0.4118630567745949,"proba_large":0.05933145971725431,"proba_xl":0.5288054835081508}
{"id":"itwgpt4/16932","predicted_model_label":3,"proba_base":0.255,"proba_large":0.27,"proba_xl":0.475}
{"id":"unified_chip2/44429","predicted_model_label":3,"proba_base":0.105,"proba_large":0.1463848107597563,"proba_xl":0.7486151892402436}
{"id":"unified_chip2/109904","predicted_model_label":3,"proba_base":0.45280630158857166,"proba_large":0.030464110803186256,"proba_xl":0.5167295876082421}
{"id":"unified_chip2/142985","predicted_model_label":3,"proba_base":0.11674252563733724,"proba_large":0.09809141745684415,"proba_xl":0.7851660569058186}
{"id":"unified_chip2/17181","predicted_model_label":3,"proba_base":0.12,"proba_large":0.07605798760684701,"proba_xl":0.8039420123931531}
{"id":"unified_chip2/50596","predicted_model_label":3,"proba_base":0.028954352258198278,"proba_large":0.385,"proba_xl":0.5860456477418018}
{"id":"unified_chip2/130221","predicted_model_label":3,"proba_base":0.15,"proba_large":0.24809141745684415,"proba_xl":0.6019085825431558}
{"id":"unified_chip2/150465","predicted_model_label":2,"proba_base":0.21003386042830713,"proba_large":0.7879172065453628,"proba_xl":0.002048933026329589}
{"id":"unified_chip2/125280","predicted_model_label":3,"proba_base":0.02925066551105058,"proba_large":0.14882061298076923,"proba_xl":0.8219287215081802}
{"id":"unified_chip2/87405","predicted_model_label":3,"proba_base":0.42311088645382583,"proba_large":0.06341755140438114,"proba_xl":0.5134715621417928}
{"id":"itwgpt4/35507","predicted_model_label":3,"proba_base":0.2932704123917579,"proba_large":0.12,"proba_xl":0.5867295876082421}
{"id":"dolly_15k/classification/553","predicted_model_label":1,"proba_base":0.425,"proba_large":0.21,"proba_xl":0.365}
{"id":"unified_chip2/49836","predicted_model_label":3,"proba_base":0.055,"proba_large":0.14293717180504106,"proba_xl":0.802062828194959}
{"id":"unified_chip2/31851","predicted_model_label":2,"proba_base":0.15827041239175788,"proba_large":0.5225959575336873,"proba_xl":0.3191336300745549}
{"id":"unified_chip2/14024","predicted_model_label":3,"proba_base":0.155,"proba_large":0.1461748516366583,"proba_xl":0.698825148363342}
{"id":"unified_chip2/130656","predicted_model_label":3,"proba_base":0.0,"proba_large":0.0839290784221805,"proba_xl":0.9160709215778197}
{"id":"itwgpt4/20847","predicted_model_label":3,"proba_base":0.27895435225819826,"proba_large":0.185,"proba_xl":0.5360456477418016}
{"id":"unified_chip2/2286","predicted_model_label":3,"proba_base":0.15,"proba_large":0.215,"proba_xl":0.635}
{"id":"itwgpt4/44513","predicted_model_label":3,"proba_base":0.185,"proba_large":0.275,"proba_xl":0.54}
{"id":"sharegpt/VW7V5Me_0","predicted_model_label":1,"proba_base":0.552693070061752,"proba_large":0.14960279051061035,"proba_xl":0.29770413942763774}
{"id":"unified_chip2/46781","predicted_model_label":3,"proba_base":0.18,"proba_large":0.19990640958937628,"proba_xl":0.6200935904106237}
{"id":"unified_chip2/4567","predicted_model_label":3,"proba_base":0.14326873305937077,"proba_large":0.18257279112120237,"proba_xl":0.6741584758194269}
{"id":"unified_chip2/76590","predicted_model_label":1,"proba_base":0.41837047543961303,"proba_large":0.195,"proba_xl":0.38662952456038696}
{"id":"unified_chip2/7152","predicted_model_label":3,"proba_base":0.04441612318141473,"proba_large":0.17919503790868915,"proba_xl":0.7763888389098962}
{"id":"itwgpt4/48894","predicted_model_label":3,"proba_base":0.135,"proba_large":0.24882061298076924,"proba_xl":0.6161793870192308}
{"id":"unified_chip2/155992","predicted_model_label":3,"proba_base":0.05,"proba_large":0.1381677983553297,"proba_xl":0.8118322016446703}
{"id":"unified_chip2/128161","predicted_model_label":3,"proba_base":0.06395435225819827,"proba_large":0.10270532909717539,"proba_xl":0.8333403186446263}
{"id":"unified_chip2/81326","predicted_model_label":3,"proba_base":0.22619371420009302,"proba_large":0.12022285631436343,"proba_xl":0.6535834294855437}
{"id":"unified_chip2/161635","predicted_model_label":2,"proba_base":0.0,"proba_large":0.7730179368929986,"proba_xl":0.22698206310700025}
{"id":"unified_chip2/156657","predicted_model_label":2,"proba_base":0.015,"proba_large":0.9138206129807692,"proba_xl":0.07117938701923077}
{"id":"unified_chip2/116722","predicted_model_label":3,"proba_base":0.0921348338994489,"proba_large":0.22300468147147295,"proba_xl":0.6848604846290782}
{"id":"unified_chip2/30880","predicted_model_label":3,"proba_base":0.18441612318141473,"proba_large":0.2,"proba_xl":0.6155838768185853}
{"id":"unified_chip2/81859","predicted_model_label":3,"proba_base":0.105,"proba_large":0.02,"proba_xl":0.875}
{"id":"unified_chip2/62411","predicted_model_label":3,"proba_base":0.10820405329091674,"proba_large":0.18637232346189866,"proba_xl":0.7054236232471846}
{"id":"unified_chip2/52485","predicted_model_label":3,"proba_base":0.11210919324316666,"proba_large":0.25730692993824805,"proba_xl":0.6305838768185853}
{"id":"unified_chip2/163521","predicted_model_label":3,"proba_base":0.145,"proba_large":0.12,"proba_xl":0.735}
{"id":"unified_chip2/135042","predicted_model_label":3,"proba_base":0.03,"proba_large":0.09383944768855491,"proba_xl":0.8761605523114452}
{"id":"unified_chip2/48365","predicted_model_label":3,"proba_base":0.02290870451639656,"proba_large":0.15568737499053137,"proba_xl":0.8214039204930721}
{"id":"unified_chip2/9930","predicted_model_label":3,"proba_base":0.13647543016100674,"proba_large":0.12414456414048489,"proba_xl":0.7393800056985085}
{"id":"unified_chip2/86945","predicted_model_label":2,"proba_base":0.37269307006175195,"proba_large":0.527306929938248,"proba_xl":0.1}
{"id":"unified_chip2/64695","predicted_model_label":3,"proba_base":0.005,"proba_large":0.005,"proba_xl":0.99}
{"id":"unified_chip2/32230","predicted_model_label":3,"proba_base":0.005,"proba_large":0.035,"proba_xl":0.96}
{"id":"unified_chip2/76726","predicted_model_label":3,"proba_base":0.06,"proba_large":0.11,"proba_xl":0.83}
{"id":"unified_chip2/66843","predicted_model_label":3,"proba_base":0.09769307006175193,"proba_large":0.15492172217972094,"proba_xl":0.7473852077585272}
{"id":"unified_chip2/40540","predicted_model_label":2,"proba_base":0.013954352258198278,"proba_large":0.775,"proba_xl":0.21104564774180173}
{"id":"unified_chip2/70559","predicted_model_label":3,"proba_base":0.06,"proba_large":0.3362434901548677,"proba_xl":0.6037565098451324}
{"id":"dolly_15k/general_qa/1076","predicted_model_label":3,"proba_base":0.105,"proba_large":0.28,"proba_xl":0.615}
{"id":"itwgpt4/33840","predicted_model_label":2,"proba_base":0.15,"proba_large":0.435,"proba_xl":0.415}
{"id":"unified_chip2/115551","predicted_model_label":3,"proba_base":0.21142766005174152,"proba_large":0.2140017392889359,"proba_xl":0.5745706006593226}
{"id":"unified_chip2/22385","predicted_model_label":3,"proba_base":0.10441612318141473,"proba_large":0.1175959575336872,"proba_xl":0.7779879192848981}
{"id":"unified_chip2/63687","predicted_model_label":3,"proba_base":0.03,"proba_large":0.06382061298076923,"proba_xl":0.9061793870192308}
{"id":"unified_chip2/132457","predicted_model_label":3,"proba_base":0.005,"proba_large":0.02309141745684415,"proba_xl":0.9719085825431558}
{"id":"unified_chip2/98852","predicted_model_label":3,"proba_base":0.10269307006175193,"proba_large":0.15230692993824807,"proba_xl":0.745}
{"id":"unified_chip2/111263","predicted_model_label":3,"proba_base":0.42203883889018956,"proba_large":0.1,"proba_xl":0.47796116110981046}
{"id":"unified_chip2/36497","predicted_model_label":3,"proba_base":0.0424445937132103,"proba_large":0.1788823424888817,"proba_xl":0.7786730637979082}
{"id":"unified_chip2/91421","predicted_model_label":3,"proba_base":0.155,"proba_large":0.27315207269802355,"proba_xl":0.5718479273019765}
{"id":"itwgpt4/5053","predicted_model_label":3,"proba_base":0.24,"proba_large":0.245,"proba_xl":0.515}
{"id":"itwgpt4/50183","predicted_model_label":3,"proba_base":0.345,"proba_large":0.185,"proba_xl":0.47}
{"id":"itwgpt4/9448","predicted_model_label":3,"proba_base":0.255,"proba_large":0.205,"proba_xl":0.54}
{"id":"unified_chip2/83544","predicted_model_label":3,"proba_base":0.0,"proba_large":0.007237374626077776,"proba_xl":0.9927626253739222}
{"id":"unified_chip2/115853","predicted_model_label":3,"proba_base":0.41,"proba_large":0.11882061298076924,"proba_xl":0.4711793870192308}
{"id":"unified_chip2/24420","predicted_model_label":3,"proba_base":0.06469435833843412,"proba_large":0.13530564166156586,"proba_xl":0.8}
{"id":"unified_chip2/40506","predicted_model_label":3,"proba_base":0.005,"proba_large":0.09618283491368831,"proba_xl":0.8988171650863117}
{"id":"unified_chip2/10006","predicted_model_label":3,"proba_base":0.035,"proba_large":0.06,"proba_xl":0.905}
{"id":"unified_chip2/87828","predicted_model_label":3,"proba_base":0.07,"proba_large":0.135,"proba_xl":0.795}
{"id":"unified_chip2/79983","predicted_model_label":3,"proba_base":0.015,"proba_large":0.12270532909717538,"proba_xl":0.8622946709028247}
{"id":"dolly_15k/classification/2053","predicted_model_label":1,"proba_base":0.405,"proba_large":0.265,"proba_xl":0.33}
{"id":"itwgpt4/24227","predicted_model_label":3,"proba_base":0.185,"proba_large":0.295,"proba_xl":0.52}
{"id":"unified_chip2/154854","predicted_model_label":2,"proba_base":0.01,"proba_large":0.666420018408914,"proba_xl":0.32357998159108603}
{"id":"unified_chip2/75123","predicted_model_label":3,"proba_base":0.38790870451639653,"proba_large":0.15,"proba_xl":0.46209129548360345}
{"id":"itwgpt4/30794","predicted_model_label":3,"proba_base":0.3689543522581982,"proba_large":0.21970925925925924,"proba_xl":0.4113363884825425}
{"id":"unified_chip2/82132","predicted_model_label":3,"proba_base":0.0,"proba_large":0.0,"proba_xl":1.0}
{"id":"unified_chip2/121899","predicted_model_label":1,"proba_base":0.8594161231814147,"proba_large":0.03,"proba_xl":0.11058387681858527}
{"id":"unified_chip2/94367","predicted_model_label":3,"proba_base":0.065,"proba_large":0.115,"proba_xl":0.82}
{"id":"unified_chip2/25371","predicted_model_label":3,"proba_base":0.025,"proba_large":0.02,"proba_xl":0.955}
{"id":"dolly_15k/brainstorming/629","predicted_model_label":3,"proba_base":0.35,"proba_large":0.22,"proba_xl":0.43}
{"id":"unified_chip2/42541","predicted_model_label":3,"proba_base":0.047096017466540976,"proba_large":0.04748285945019251,"proba_xl":0.9054211230832664}
{"id":"itwgpt4/2061","predicted_model_label":3,"proba_base":0.245,"proba_large":0.225,"proba_xl":0.53}
{"id":"laion/unified_chip2/4290","predicted_model_label":3,"proba_base":0.295,"proba_large":0.12038944732410131,"proba_xl":0.5846105526758987}
{"id":"unified_chip2/22119","predicted_model_label":3,"proba_base":0.085,"proba_large":0.26882061298076926,"proba_xl":0.6461793870192308}
{"id":"unified_chip2/108190","predicted_model_label":3,"proba_base":0.12529173359454193,"proba_large":0.1811275429190173,"proba_xl":0.6935807234864407}
{"id":"unified_chip2/17266","predicted_model_label":3,"proba_base":0.04269307006175192,"proba_large":0.03612754291901731,"proba_xl":0.9211793870192309}
{"id":"itwgpt4/35382","predicted_model_label":3,"proba_base":0.16895435225819827,"proba_large":0.26382061298076925,"proba_xl":0.5672250347610325}
{"id":"itwgpt4/15796","predicted_model_label":3,"proba_base":0.10269307006175193,"proba_large":0.30730692993824804,"proba_xl":0.59}
{"id":"unified_chip2/129022","predicted_model_label":3,"proba_base":0.045,"proba_large":0.12,"proba_xl":0.835}
{"id":"unified_chip2/25171","predicted_model_label":1,"proba_base":0.7303142110124157,"proba_large":0.03730692993824808,"proba_xl":0.23237885904933642}
{"id":"itwgpt4/42785","predicted_model_label":3,"proba_base":0.275,"proba_large":0.225,"proba_xl":0.5}
{"id":"itwgpt4/34355","predicted_model_label":3,"proba_base":0.178370475439613,"proba_large":0.11764122596153846,"proba_xl":0.7039882985988484}
{"id":"unified_chip2/24749","predicted_model_label":1,"proba_base":0.485,"proba_large":0.345,"proba_xl":0.17}
{"id":"unified_chip2/11352","predicted_model_label":3,"proba_base":0.11049517704171403,"proba_large":0.115,"proba_xl":0.7745048229582859}
{"id":"unified_chip2/35481","predicted_model_label":3,"proba_base":0.052429875782991825,"proba_large":0.2856873749905314,"proba_xl":0.6618827492264768}
{"id":"unified_chip2/69495","predicted_model_label":3,"proba_base":0.053010100744403814,"proba_large":0.0995335155692893,"proba_xl":0.8474563836863069}
{"id":"itwgpt4/21266","predicted_model_label":1,"proba_base":0.43,"proba_large":0.245,"proba_xl":0.325}
{"id":"unified_chip2/98976","predicted_model_label":1,"proba_base":0.5501930862840144,"proba_large":0.028066070317938376,"proba_xl":0.42174084339804735}
{"id":"unified_chip2/67298","predicted_model_label":2,"proba_base":0.04,"proba_large":0.4923982154150625,"proba_xl":0.46760178458493745}
{"id":"unified_chip2/28055","predicted_model_label":3,"proba_base":0.005,"proba_large":0.08463619424257444,"proba_xl":0.9103638057574257}
{"id":"unified_chip2/156799","predicted_model_label":3,"proba_base":0.2751609969238759,"proba_large":0.19441165790434656,"proba_xl":0.5304273451717776}
{"id":"unified_chip2/23361","predicted_model_label":3,"proba_base":0.1400447693894815,"proba_large":0.1043314597172543,"proba_xl":0.7556237708932642}
