{"id":"unified_chip2/5381","predicted_model_label":2,"proba_base":0.05807697775250551,"proba_large":0.5434295190376209,"proba_xl":0.39849350320987353}
{"id":"unified_chip2/10189","predicted_model_label":2,"proba_base":0.1379622655720419,"proba_large":0.615545577622364,"proba_xl":0.2464921568055943}
{"id":"unified_chip2/126674","predicted_model_label":3,"proba_base":0.15444455852156058,"proba_large":0.07,"proba_xl":0.7755554414784395}
{"id":"unified_chip2/18558","predicted_model_label":3,"proba_base":0.12198014596342385,"proba_large":0.17936159248486255,"proba_xl":0.6986582615517136}
{"id":"unified_chip2/163004","predicted_model_label":3,"proba_base":0.2045373798189304,"proba_large":0.20020163469468027,"proba_xl":0.5952609854863894}
{"id":"unified_chip2/780","predicted_model_label":3,"proba_base":0.33722227926078024,"proba_large":0.15966809527659712,"proba_xl":0.5031096254626226}
{"id":"unified_chip2/71022","predicted_model_label":2,"proba_base":0.037104559075342464,"proba_large":0.7363336110461729,"proba_xl":0.22656182987848464}
{"id":"itwgpt4/49673","predicted_model_label":3,"proba_base":0.41,"proba_large":0.15,"proba_xl":0.44}
{"id":"unified_chip2/65111","predicted_model_label":2,"proba_base":0.02,"proba_large":0.7233339319085386,"proba_xl":0.2566660680914615}
{"id":"unified_chip2/54424","predicted_model_label":3,"proba_base":0.1544795789578969,"proba_large":0.3184295570009033,"proba_xl":0.5270908640411998}
{"id":"unified_chip2/131578","predicted_model_label":3,"proba_base":0.22,"proba_large":0.3522486865765046,"proba_xl":0.42775131342349537}
{"id":"unified_chip2/128055","predicted_model_label":3,"proba_base":0.20488298523705992,"proba_large":0.2823536368513059,"proba_xl":0.5127633779116342}
{"id":"itwgpt4/28735","predicted_model_label":1,"proba_base":0.49,"proba_large":0.19,"proba_xl":0.32}
{"id":"unified_chip2/152921","predicted_model_label":1,"proba_base":0.5620384398504558,"proba_large":0.07,"proba_xl":0.3679615601495441}
{"id":"itwgpt4/2843","predicted_model_label":3,"proba_base":0.275,"proba_large":0.23,"proba_xl":0.495}
{"id":"unified_chip2/65272","predicted_model_label":1,"proba_base":0.7597225720755921,"proba_large":0.011572051133062174,"proba_xl":0.22870537679134573}
{"id":"unified_chip2/80521","predicted_model_label":3,"proba_base":0.2597510048544027,"proba_large":0.34119988007308377,"proba_xl":0.3990491150725135}
{"id":"unified_chip2/47365","predicted_model_label":3,"proba_base":0.085,"proba_large":0.06,"proba_xl":0.855}
{"id":"unified_chip2/137974","predicted_model_label":3,"proba_base":0.19,"proba_large":0.355,"proba_xl":0.455}
{"id":"unified_chip2/162524","predicted_model_label":3,"proba_base":0.21348081737585978,"proba_large":0.3045961603766457,"proba_xl":0.48192302224749445}
{"id":"unified_chip2/136339","predicted_model_label":1,"proba_base":0.7105685377521417,"proba_large":0.016190690746928242,"proba_xl":0.27324077150093024}
{"id":"unified_chip2/145946","predicted_model_label":3,"proba_base":0.21536359464687588,"proba_large":0.3296575601360191,"proba_xl":0.454978845217105}
{"id":"dolly_15k/open_qa/1183","predicted_model_label":3,"proba_base":0.2,"proba_large":0.20187634024303072,"proba_xl":0.5981236597569692}
{"id":"unified_chip2/5028","predicted_model_label":3,"proba_base":0.255,"proba_large":0.16,"proba_xl":0.585}
{"id":"unified_chip2/40983","predicted_model_label":2,"proba_base":0.085,"proba_large":0.87,"proba_xl":0.045}
{"id":"itwgpt4/48487","predicted_model_label":1,"proba_base":0.425,"proba_large":0.235,"proba_xl":0.34}
{"id":"unified_chip2/110394","predicted_model_label":3,"proba_base":0.1580769777525055,"proba_large":0.057619825708061005,"proba_xl":0.7843031965394336}
{"id":"itwgpt4/14728","predicted_model_label":3,"proba_base":0.395,"proba_large":0.18,"proba_xl":0.425}
{"id":"unified_chip2/101370","predicted_model_label":1,"proba_base":0.7508056345894315,"proba_large":0.048837765957446815,"proba_xl":0.20035659945312173}
{"id":"unified_chip2/93523","predicted_model_label":3,"proba_base":0.0163790300464888,"proba_large":0.025335432155980383,"proba_xl":0.9582855377975308}
{"id":"unified_chip2/43006","predicted_model_label":3,"proba_base":0.11594948514100391,"proba_large":0.14657205113306218,"proba_xl":0.7374784637259338}
{"id":"unified_chip2/7431","predicted_model_label":3,"proba_base":0.2677469874903413,"proba_large":0.061062578224447266,"proba_xl":0.6711904342852114}
{"id":"itwgpt4/41218","predicted_model_label":1,"proba_base":0.405,"proba_large":0.27,"proba_xl":0.325}
{"id":"unified_chip2/67592","predicted_model_label":3,"proba_base":0.31,"proba_large":0.2727806317525716,"proba_xl":0.4172193682474284}
{"id":"itwgpt4/23961","predicted_model_label":1,"proba_base":0.575,"proba_large":0.23,"proba_xl":0.195}
{"id":"dolly_15k/open_qa/115","predicted_model_label":3,"proba_base":0.40710162338354466,"proba_large":0.14551820232451637,"proba_xl":0.44738017429193905}
{"id":"itwgpt4/4480","predicted_model_label":1,"proba_base":0.555,"proba_large":0.12,"proba_xl":0.325}
{"id":"itwgpt4/6395","predicted_model_label":1,"proba_base":0.53,"proba_large":0.115,"proba_xl":0.355}
{"id":"itwgpt4/32665","predicted_model_label":1,"proba_base":0.5171045590753425,"proba_large":0.22789544092465752,"proba_xl":0.255}
{"id":"itwgpt4/2984","predicted_model_label":1,"proba_base":0.475,"proba_large":0.28,"proba_xl":0.245}
{"id":"unified_chip2/74026","predicted_model_label":3,"proba_base":0.29210455907534244,"proba_large":0.10895343675423391,"proba_xl":0.5989420041704236}
{"id":"unified_chip2/156521","predicted_model_label":2,"proba_base":0.42270273656479185,"proba_large":0.4553742411877137,"proba_xl":0.12192302224749449}
{"id":"unified_chip2/112359","predicted_model_label":3,"proba_base":0.03758070285254404,"proba_large":0.08434246163105627,"proba_xl":0.8780768355163997}
{"id":"unified_chip2/24123","predicted_model_label":1,"proba_base":0.57,"proba_large":0.10196228733911727,"proba_xl":0.3280377126608828}
{"id":"unified_chip2/128489","predicted_model_label":3,"proba_base":0.3772222792607803,"proba_large":0.19407454468445573,"proba_xl":0.428703176054764}
{"id":"unified_chip2/109084","predicted_model_label":3,"proba_base":0.40748444832872094,"proba_large":0.1500962545238231,"proba_xl":0.4424192971474559}
{"id":"unified_chip2/139244","predicted_model_label":3,"proba_base":0.27,"proba_large":0.2,"proba_xl":0.53}
{"id":"unified_chip2/80404","predicted_model_label":3,"proba_base":0.19,"proba_large":0.03343817012151537,"proba_xl":0.7765618298784847}
{"id":"unified_chip2/138153","predicted_model_label":3,"proba_base":0.13,"proba_large":0.052512714805971104,"proba_xl":0.8174872851940289}
{"id":"unified_chip2/99511","predicted_model_label":1,"proba_base":0.4994627164434952,"proba_large":0.05884632585214401,"proba_xl":0.4416909577043608}
{"id":"unified_chip2/13594","predicted_model_label":2,"proba_base":0.23815483060775033,"proba_large":0.40426836535244237,"proba_xl":0.35757680403980735}
{"id":"unified_chip2/153853","predicted_model_label":3,"proba_base":0.35710455907534244,"proba_large":0.17289544092465753,"proba_xl":0.47}
{"id":"unified_chip2/104051","predicted_model_label":3,"proba_base":0.04877308693458818,"proba_large":0.025,"proba_xl":0.9262269130654118}
{"id":"unified_chip2/116318","predicted_model_label":3,"proba_base":0.45852945972388304,"proba_large":0.07,"proba_xl":0.47147054027611696}
{"id":"itwgpt4/9037","predicted_model_label":1,"proba_base":0.39,"proba_large":0.285,"proba_xl":0.325}
{"id":"unified_chip2/60122","predicted_model_label":1,"proba_base":0.5638095657147886,"proba_large":0.15,"proba_xl":0.2861904342852114}
{"id":"itwgpt4/20169","predicted_model_label":1,"proba_base":0.6388095657147886,"proba_large":0.13,"proba_xl":0.2311904342852114}
{"id":"itwgpt4/23274","predicted_model_label":3,"proba_base":0.25,"proba_large":0.365,"proba_xl":0.385}
{"id":"unified_chip2/14587","predicted_model_label":3,"proba_base":0.1564286185730315,"proba_large":0.27907454468445575,"proba_xl":0.5644968367425128}
{"id":"itwgpt4/33386","predicted_model_label":3,"proba_base":0.285,"proba_large":0.21297372488408037,"proba_xl":0.5020262751159197}
{"id":"unified_chip2/112931","predicted_model_label":3,"proba_base":0.022962265572041875,"proba_large":0.072592050611946,"proba_xl":0.9044456838160122}
{"id":"unified_chip2/2699","predicted_model_label":3,"proba_base":0.13,"proba_large":0.14264525532000322,"proba_xl":0.727354744679997}
{"id":"itwgpt4/10241","predicted_model_label":1,"proba_base":0.5030769777525055,"proba_large":0.28343817012151534,"proba_xl":0.21348485212597912}
{"id":"unified_chip2/27979","predicted_model_label":3,"proba_base":0.305,"proba_large":0.2704004574606326,"proba_xl":0.4245995425393674}
{"id":"unified_chip2/13088","predicted_model_label":1,"proba_base":0.7806340187992256,"proba_large":0.05289544092465753,"proba_xl":0.16647054027611696}
{"id":"dolly_15k/brainstorming/935","predicted_model_label":3,"proba_base":0.2,"proba_large":0.13843817012151535,"proba_xl":0.6615618298784847}
{"id":"unified_chip2/97736","predicted_model_label":3,"proba_base":0.4272222792607803,"proba_large":0.135,"proba_xl":0.43777772073921967}
{"id":"unified_chip2/68759","predicted_model_label":3,"proba_base":0.3989693844408121,"proba_large":0.095,"proba_xl":0.506030615559188}
{"id":"unified_chip2/131044","predicted_model_label":3,"proba_base":0.022222279260780287,"proba_large":0.095,"proba_xl":0.8827777207392197}
{"id":"unified_chip2/87861","predicted_model_label":1,"proba_base":0.5071559808414331,"proba_large":0.09907454468445573,"proba_xl":0.39376947447411115}
{"id":"unified_chip2/42176","predicted_model_label":3,"proba_base":0.09,"proba_large":0.05,"proba_xl":0.86}
{"id":"itwgpt4/2548","predicted_model_label":1,"proba_base":0.4533789722921391,"proba_large":0.15954011042920768,"proba_xl":0.38708091727865324}
{"id":"itwgpt4/26208","predicted_model_label":1,"proba_base":0.715,"proba_large":0.125,"proba_xl":0.16}
{"id":"unified_chip2/12774","predicted_model_label":3,"proba_base":0.008076977752505508,"proba_large":0.026876340243030733,"proba_xl":0.9650466820044638}
{"id":"unified_chip2/36737","predicted_model_label":3,"proba_base":0.24195127448107998,"proba_large":0.12,"proba_xl":0.63804872551892}
{"id":"unified_chip2/139598","predicted_model_label":3,"proba_base":0.22222227926078028,"proba_large":0.035,"proba_xl":0.7427777207392197}
{"id":"unified_chip2/157108","predicted_model_label":3,"proba_base":0.19307697775250554,"proba_large":0.29797372488408036,"proba_xl":0.5089492973634141}
{"id":"unified_chip2/6812","predicted_model_label":2,"proba_base":0.08249952153919239,"proba_large":0.7838355601291608,"proba_xl":0.13366491833164681}
{"id":"itwgpt4/25006","predicted_model_label":3,"proba_base":0.425,"proba_large":0.13,"proba_xl":0.445}
{"id":"unified_chip2/35175","predicted_model_label":3,"proba_base":0.17,"proba_large":0.1379343360726071,"proba_xl":0.6920656639273929}
{"id":"dolly_15k/general_qa/885","predicted_model_label":3,"proba_base":0.3180769777525055,"proba_large":0.21907454468445575,"proba_xl":0.46284847756303876}
{"id":"unified_chip2/84907","predicted_model_label":3,"proba_base":0.3893888733872364,"proba_large":0.07544844198533421,"proba_xl":0.5351626846274293}
{"id":"unified_chip2/103136","predicted_model_label":3,"proba_base":0.3816960021619345,"proba_large":0.1679627241311489,"proba_xl":0.45034127370691657}
{"id":"unified_chip2/18378","predicted_model_label":3,"proba_base":0.049408079741360175,"proba_large":0.3977777958340354,"proba_xl":0.5528141244246045}
{"id":"unified_chip2/100070","predicted_model_label":1,"proba_base":0.8664769894342108,"proba_large":0.03297372488408037,"proba_xl":0.10054928568170876}
{"id":"unified_chip2/86951","predicted_model_label":3,"proba_base":0.305914124790131,"proba_large":0.10080775156656008,"proba_xl":0.5932781236433089}
{"id":"unified_chip2/46998","predicted_model_label":1,"proba_base":0.985,"proba_large":0.0,"proba_xl":0.015}
{"id":"unified_chip2/154212","predicted_model_label":1,"proba_base":0.44911622107705285,"proba_large":0.17611227911241387,"proba_xl":0.3747714998105333}
{"id":"unified_chip2/32995","predicted_model_label":3,"proba_base":0.20688654346729407,"proba_large":0.105,"proba_xl":0.688113456532706}
{"id":"unified_chip2/145692","predicted_model_label":3,"proba_base":0.193002082393952,"proba_large":0.2254360877275634,"proba_xl":0.5815618298784847}
{"id":"unified_chip2/77946","predicted_model_label":2,"proba_base":0.03,"proba_large":0.96,"proba_xl":0.01}
{"id":"unified_chip2/124668","predicted_model_label":3,"proba_base":0.13,"proba_large":0.3689799557767354,"proba_xl":0.5010200442232646}
{"id":"unified_chip2/118564","predicted_model_label":3,"proba_base":0.22680940871012611,"proba_large":0.2825784306726189,"proba_xl":0.49061216061725504}
{"id":"dolly_15k/brainstorming/638","predicted_model_label":3,"proba_base":0.17307697775250552,"proba_large":0.09,"proba_xl":0.7369230222474945}
{"id":"unified_chip2/118104","predicted_model_label":2,"proba_base":0.14287920534866308,"proba_large":0.5737594671472643,"proba_xl":0.2833613275040726}
{"id":"itwgpt4/22053","predicted_model_label":3,"proba_base":0.355,"proba_large":0.255,"proba_xl":0.39}
{"id":"unified_chip2/128380","predicted_model_label":2,"proba_base":0.03828308096005459,"proba_large":0.8451550891614608,"proba_xl":0.11656182987848464}
{"id":"dolly_15k/brainstorming/1095","predicted_model_label":3,"proba_base":0.38,"proba_large":0.115,"proba_xl":0.505}
{"id":"unified_chip2/139421","predicted_model_label":3,"proba_base":0.425,"proba_large":0.10883254331133632,"proba_xl":0.4661674566886637}
{"id":"unified_chip2/137793","predicted_model_label":3,"proba_base":0.2129622655720419,"proba_large":0.13627002655290313,"proba_xl":0.650767707875055}
{"id":"unified_chip2/36180","predicted_model_label":3,"proba_base":0.13373409762786687,"proba_large":0.3214612456872835,"proba_xl":0.5448046566848496}
{"id":"unified_chip2/135585","predicted_model_label":3,"proba_base":0.035,"proba_large":0.022619825708061002,"proba_xl":0.942380174291939}
{"id":"unified_chip2/127598","predicted_model_label":3,"proba_base":0.4075096715762493,"proba_large":0.15156267237162468,"proba_xl":0.44092765605212597}
{"id":"unified_chip2/96990","predicted_model_label":3,"proba_base":0.2438095657147886,"proba_large":0.1553145103645461,"proba_xl":0.6008759239206652}
{"id":"sharegpt/yaOAhIw_0","predicted_model_label":1,"proba_base":0.98,"proba_large":0.005,"proba_xl":0.015}
{"id":"unified_chip2/94464","predicted_model_label":3,"proba_base":0.14399411054761074,"proba_large":0.17153390037904986,"proba_xl":0.6844719890733394}
{"id":"unified_chip2/64041","predicted_model_label":2,"proba_base":0.15252056226651958,"proba_large":0.5727946068929184,"proba_xl":0.27468483084056206}
{"id":"unified_chip2/27022","predicted_model_label":3,"proba_base":0.125,"proba_large":0.19002542961194224,"proba_xl":0.6849745703880578}
{"id":"unified_chip2/103644","predicted_model_label":3,"proba_base":0.175,"proba_large":0.12251271480597109,"proba_xl":0.702487285194029}
{"id":"unified_chip2/87925","predicted_model_label":3,"proba_base":0.3822222792607803,"proba_large":0.235,"proba_xl":0.38277772073921973}
{"id":"unified_chip2/11734","predicted_model_label":3,"proba_base":0.06,"proba_large":0.24454355488231816,"proba_xl":0.695456445117682}
{"id":"unified_chip2/152459","predicted_model_label":3,"proba_base":0.25118406153887357,"proba_large":0.19055431618398785,"proba_xl":0.5582616222771385}
{"id":"unified_chip2/37025","predicted_model_label":3,"proba_base":0.1944097463055384,"proba_large":0.280254490937394,"proba_xl":0.5253357627570677}
{"id":"sharegpt/5D4TSCc_0","predicted_model_label":3,"proba_base":0.36739948658086696,"proba_large":0.18047590454947351,"proba_xl":0.45212460886965955}
{"id":"unified_chip2/37560","predicted_model_label":3,"proba_base":0.055,"proba_large":0.21398017788070064,"proba_xl":0.7310198221192995}
{"id":"unified_chip2/96653","predicted_model_label":1,"proba_base":0.55,"proba_large":0.04,"proba_xl":0.41}
{"id":"unified_chip2/164107","predicted_model_label":3,"proba_base":0.42606477393576975,"proba_large":0.03843817012151537,"proba_xl":0.5354970559427149}
{"id":"unified_chip2/67381","predicted_model_label":3,"proba_base":0.355,"proba_large":0.15843817012151537,"proba_xl":0.4865618298784847}
{"id":"unified_chip2/97742","predicted_model_label":1,"proba_base":0.536886543467294,"proba_large":0.15,"proba_xl":0.31311345653270595}
{"id":"itwgpt4/27670","predicted_model_label":1,"proba_base":0.555,"proba_large":0.17843817012151536,"proba_xl":0.26656182987848465}
{"id":"unified_chip2/69043","predicted_model_label":1,"proba_base":0.825,"proba_large":0.05843817012151537,"proba_xl":0.11656182987848464}
{"id":"itwgpt4/40533","predicted_model_label":3,"proba_base":0.33,"proba_large":0.32,"proba_xl":0.35}
{"id":"unified_chip2/28142","predicted_model_label":1,"proba_base":0.5264193126458951,"proba_large":0.005,"proba_xl":0.4685806873541049}
{"id":"unified_chip2/18697","predicted_model_label":3,"proba_base":0.09796226557204188,"proba_large":0.24653390037904985,"proba_xl":0.6555038340489082}
{"id":"itwgpt4/9196","predicted_model_label":3,"proba_base":0.355,"proba_large":0.255,"proba_xl":0.39}
{"id":"unified_chip2/72948","predicted_model_label":3,"proba_base":0.424437221008825,"proba_large":0.07,"proba_xl":0.505562778991175}
{"id":"itwgpt4/11906","predicted_model_label":1,"proba_base":0.44,"proba_large":0.16,"proba_xl":0.4}
{"id":"itwgpt4/7561","predicted_model_label":1,"proba_base":0.5322222792607803,"proba_large":0.165,"proba_xl":0.3027777207392197}
{"id":"sharegpt/Caxpnd3_0","predicted_model_label":1,"proba_base":0.5210392433245474,"proba_large":0.1795504492339292,"proba_xl":0.2994103074415234}
{"id":"sharegpt/oDoLdHY_39","predicted_model_label":1,"proba_base":0.502738577874568,"proba_large":0.18422905197083042,"proba_xl":0.3130323701546016}
{"id":"unified_chip2/88981","predicted_model_label":3,"proba_base":0.27,"proba_large":0.175,"proba_xl":0.555}
{"id":"unified_chip2/99808","predicted_model_label":3,"proba_base":0.13931950082338726,"proba_large":0.14893227294823055,"proba_xl":0.7117482262283822}
{"id":"dolly_15k/general_qa/1290","predicted_model_label":1,"proba_base":0.8061539555050109,"proba_large":0.055,"proba_xl":0.13884604449498897}
{"id":"dolly_15k/general_qa/775","predicted_model_label":1,"proba_base":0.56,"proba_large":0.265,"proba_xl":0.175}
{"id":"unified_chip2/139291","predicted_model_label":3,"proba_base":0.095,"proba_large":0.08783290357865386,"proba_xl":0.8171670964213462}
{"id":"dolly_15k/open_qa/2621","predicted_model_label":3,"proba_base":0.0,"proba_large":0.011831283919267634,"proba_xl":0.9881687160807324}
{"id":"unified_chip2/20153","predicted_model_label":2,"proba_base":0.3227895117184364,"proba_large":0.3753128956460114,"proba_xl":0.30189759263555227}
{"id":"unified_chip2/62096","predicted_model_label":1,"proba_base":0.4789614620979503,"proba_large":0.112619825708061,"proba_xl":0.4084187121939887}
{"id":"unified_chip2/150906","predicted_model_label":3,"proba_base":0.05365089783381177,"proba_large":0.07778063175257165,"proba_xl":0.8685684704136166}
{"id":"unified_chip2/3354","predicted_model_label":1,"proba_base":0.7014286185730314,"proba_large":0.06687634024303074,"proba_xl":0.23169504118393777}
{"id":"dolly_15k/brainstorming/840","predicted_model_label":3,"proba_base":0.1866662413953011,"proba_large":0.15168146089440593,"proba_xl":0.6616522977102929}
{"id":"unified_chip2/47688","predicted_model_label":3,"proba_base":0.3641674943041863,"proba_large":0.20364476094036887,"proba_xl":0.43218774475544486}
{"id":"unified_chip2/77631","predicted_model_label":3,"proba_base":0.19275536661909698,"proba_large":0.05866723144696713,"proba_xl":0.748577401933936}
{"id":"unified_chip2/58683","predicted_model_label":3,"proba_base":0.08,"proba_large":0.12,"proba_xl":0.8}
{"id":"unified_chip2/155454","predicted_model_label":3,"proba_base":0.27019416204407976,"proba_large":0.34560079200626204,"proba_xl":0.38420504594965815}
{"id":"unified_chip2/81662","predicted_model_label":2,"proba_base":0.01,"proba_large":0.9505541617806681,"proba_xl":0.03944583821933189}
{"id":"unified_chip2/129602","predicted_model_label":3,"proba_base":0.15862572630446414,"proba_large":0.095,"proba_xl":0.7463742736955358}
{"id":"itwgpt4/25094","predicted_model_label":1,"proba_base":0.535,"proba_large":0.18,"proba_xl":0.285}
{"id":"unified_chip2/127291","predicted_model_label":3,"proba_base":0.085,"proba_large":0.35828010886055184,"proba_xl":0.5567198911394482}
{"id":"unified_chip2/674","predicted_model_label":3,"proba_base":0.17644817851573058,"proba_large":0.20180615219546033,"proba_xl":0.621745669288809}
{"id":"unified_chip2/48411","predicted_model_label":1,"proba_base":0.805,"proba_large":0.14407454468445574,"proba_xl":0.05092545531554426}
{"id":"dolly_15k/classification/705","predicted_model_label":1,"proba_base":0.62,"proba_large":0.02,"proba_xl":0.36}
{"id":"unified_chip2/140194","predicted_model_label":3,"proba_base":0.1305418867037178,"proba_large":0.2994581132962822,"proba_xl":0.57}
{"id":"unified_chip2/58216","predicted_model_label":1,"proba_base":0.6955325079422804,"proba_large":0.1244674920577197,"proba_xl":0.18}
{"id":"itwgpt4/21811","predicted_model_label":1,"proba_base":0.61,"proba_large":0.2,"proba_xl":0.19}
{"id":"unified_chip2/120563","predicted_model_label":1,"proba_base":0.6933913309186517,"proba_large":0.072619825708061,"proba_xl":0.23398884337328732}
{"id":"unified_chip2/13476","predicted_model_label":3,"proba_base":0.2135041522757597,"proba_large":0.33493401784575566,"proba_xl":0.4515618298784847}
{"id":"itwgpt4/24504","predicted_model_label":1,"proba_base":0.45352945972388303,"proba_large":0.15,"proba_xl":0.396470540276117}
{"id":"unified_chip2/60952","predicted_model_label":2,"proba_base":0.10940974630553839,"proba_large":0.5477922582665025,"proba_xl":0.34279799542795913}
{"id":"unified_chip2/19496","predicted_model_label":3,"proba_base":0.17565226937642012,"proba_large":0.16833758012070216,"proba_xl":0.6560101505028777}
{"id":"dolly_15k/open_qa/1423","predicted_model_label":3,"proba_base":0.015,"proba_large":0.08,"proba_xl":0.905}
{"id":"unified_chip2/30164","predicted_model_label":3,"proba_base":0.19333665433492203,"proba_large":0.3422057480313917,"proba_xl":0.4644575976336862}
{"id":"unified_chip2/20290","predicted_model_label":3,"proba_base":0.07,"proba_large":0.11576891507697247,"proba_xl":0.8142310849230274}
{"id":"sharegpt/QFVxKHe_0","predicted_model_label":1,"proba_base":0.4242397280524026,"proba_large":0.23105219144814768,"proba_xl":0.34470808049944973}
{"id":"unified_chip2/116150","predicted_model_label":3,"proba_base":0.4277863240546539,"proba_large":0.047895440924657535,"proba_xl":0.5243182350206885}
{"id":"unified_chip2/48181","predicted_model_label":3,"proba_base":0.008076977752505508,"proba_large":0.4753068144510917,"proba_xl":0.5166162077964027}
{"id":"unified_chip2/48123","predicted_model_label":3,"proba_base":0.02,"proba_large":0.19008987094655289,"proba_xl":0.7899101290534472}
{"id":"unified_chip2/163498","predicted_model_label":3,"proba_base":0.09603924332454739,"proba_large":0.3078171067884611,"proba_xl":0.5961436498869915}
{"id":"unified_chip2/137595","predicted_model_label":3,"proba_base":0.205,"proba_large":0.015,"proba_xl":0.78}
{"id":"unified_chip2/70531","predicted_model_label":3,"proba_base":0.21117640384599515,"proba_large":0.02,"proba_xl":0.7688235961540049}
{"id":"unified_chip2/17835","predicted_model_label":1,"proba_base":0.5726391256862182,"proba_large":0.05,"proba_xl":0.37736087431378174}
{"id":"unified_chip2/53187","predicted_model_label":3,"proba_base":0.21517397905521085,"proba_large":0.2616952128856568,"proba_xl":0.5231308080591324}
{"id":"sharegpt/mWsFRK3_94","predicted_model_label":3,"proba_base":0.33,"proba_large":0.26,"proba_xl":0.41}
{"id":"unified_chip2/21601","predicted_model_label":3,"proba_base":0.05807697775250551,"proba_large":0.145,"proba_xl":0.7969230222474946}
{"id":"unified_chip2/120732","predicted_model_label":3,"proba_base":0.1230769777525055,"proba_large":0.21815477466499952,"proba_xl":0.658768247582495}
{"id":"unified_chip2/127592","predicted_model_label":3,"proba_base":0.03,"proba_large":0.10406719085060757,"proba_xl":0.8659328091493924}
{"id":"dolly_15k/open_qa/3484","predicted_model_label":3,"proba_base":0.13,"proba_large":0.155,"proba_xl":0.715}
{"id":"unified_chip2/148533","predicted_model_label":1,"proba_base":0.465,"proba_large":0.165,"proba_xl":0.37}
{"id":"unified_chip2/859","predicted_model_label":1,"proba_base":0.4550668246473844,"proba_large":0.13993317535261565,"proba_xl":0.405}
{"id":"unified_chip2/91765","predicted_model_label":3,"proba_base":0.1144893097944954,"proba_large":0.09384413029846637,"proba_xl":0.7916665599070383}
{"id":"unified_chip2/86760","predicted_model_label":3,"proba_base":0.37,"proba_large":0.15907454468445573,"proba_xl":0.4709254553155443}
{"id":"unified_chip2/63418","predicted_model_label":3,"proba_base":0.265,"proba_large":0.028438170121515366,"proba_xl":0.7065618298784847}
{"id":"unified_chip2/115443","predicted_model_label":3,"proba_base":0.165,"proba_large":0.1274698908351721,"proba_xl":0.707530109164828}
{"id":"unified_chip2/151342","predicted_model_label":3,"proba_base":0.3672149417480448,"proba_large":0.08119069074692824,"proba_xl":0.551594367505027}
{"id":"unified_chip2/164405","predicted_model_label":3,"proba_base":0.12633276855303285,"proba_large":0.4364230018502979,"proba_xl":0.4372442295966693}
{"id":"dolly_15k/general_qa/646","predicted_model_label":1,"proba_base":0.57,"proba_large":0.18,"proba_xl":0.25}
{"id":"unified_chip2/102323","predicted_model_label":3,"proba_base":0.2540252787403605,"proba_large":0.19674176677680152,"proba_xl":0.5492329544828379}
{"id":"unified_chip2/77245","predicted_model_label":2,"proba_base":0.08307697775250551,"proba_large":0.7452750905749848,"proba_xl":0.17164793167250975}
{"id":"unified_chip2/7911","predicted_model_label":3,"proba_base":0.443529459723883,"proba_large":0.03105799582957637,"proba_xl":0.5254125444465406}
{"id":"dolly_15k/brainstorming/1360","predicted_model_label":3,"proba_base":0.365,"proba_large":0.17,"proba_xl":0.465}
{"id":"unified_chip2/13932","predicted_model_label":3,"proba_base":0.165,"proba_large":0.3060579958295764,"proba_xl":0.5289420041704236}
{"id":"itwgpt4/22721","predicted_model_label":1,"proba_base":0.48,"proba_large":0.125,"proba_xl":0.395}
{"id":"unified_chip2/17037","predicted_model_label":3,"proba_base":0.21002825223358554,"proba_large":0.16091191287453505,"proba_xl":0.6290598348918794}
{"id":"unified_chip2/29934","predicted_model_label":3,"proba_base":0.04222227926078029,"proba_large":0.08,"proba_xl":0.8777777207392197}
{"id":"itwgpt4/33122","predicted_model_label":1,"proba_base":0.535,"proba_large":0.14,"proba_xl":0.325}
{"id":"unified_chip2/88467","predicted_model_label":2,"proba_base":0.06,"proba_large":0.5034381701215154,"proba_xl":0.4365618298784847}
{"id":"unified_chip2/111898","predicted_model_label":2,"proba_base":0.01807697775250551,"proba_large":0.792109907388341,"proba_xl":0.18981311485915342}
{"id":"dolly_15k/open_qa/463","predicted_model_label":3,"proba_base":0.335,"proba_large":0.215,"proba_xl":0.45}
{"id":"itwgpt4/30297","predicted_model_label":1,"proba_base":0.61,"proba_large":0.15,"proba_xl":0.24}
{"id":"unified_chip2/18747","predicted_model_label":3,"proba_base":0.035,"proba_large":0.03843817012151537,"proba_xl":0.9265618298784847}
{"id":"itwgpt4/50044","predicted_model_label":1,"proba_base":0.395,"proba_large":0.27,"proba_xl":0.335}
{"id":"unified_chip2/72722","predicted_model_label":3,"proba_base":0.08260797489058838,"proba_large":0.06739202510941161,"proba_xl":0.85}
{"id":"itwgpt4/23358","predicted_model_label":1,"proba_base":0.71,"proba_large":0.13,"proba_xl":0.16}
{"id":"unified_chip2/31404","predicted_model_label":1,"proba_base":0.5405620352463711,"proba_large":0.08343817012151536,"proba_xl":0.3759997946321135}
{"id":"itwgpt4/16932","predicted_model_label":1,"proba_base":0.44210455907534246,"proba_large":0.22789544092465752,"proba_xl":0.33}
{"id":"unified_chip2/44429","predicted_model_label":3,"proba_base":0.2524117003335129,"proba_large":0.2252567309335919,"proba_xl":0.5223315687328952}
{"id":"unified_chip2/109904","predicted_model_label":1,"proba_base":0.5030914885102948,"proba_large":0.008587560067981054,"proba_xl":0.48832095142172416}
{"id":"unified_chip2/142985","predicted_model_label":3,"proba_base":0.275855403914223,"proba_large":0.10256987077792168,"proba_xl":0.6215747253078553}
{"id":"unified_chip2/17181","predicted_model_label":3,"proba_base":0.32,"proba_large":0.16343817012151537,"proba_xl":0.5165618298784846}
{"id":"unified_chip2/50596","predicted_model_label":3,"proba_base":0.12,"proba_large":0.435,"proba_xl":0.445}
{"id":"unified_chip2/130221","predicted_model_label":3,"proba_base":0.27674401103402263,"proba_large":0.28825598896597737,"proba_xl":0.435}
{"id":"unified_chip2/150465","predicted_model_label":1,"proba_base":0.5199223829066689,"proba_large":0.4773938036084677,"proba_xl":0.0026838134848633545}
{"id":"unified_chip2/125280","predicted_model_label":3,"proba_base":0.11222227926078028,"proba_large":0.29791231064190254,"proba_xl":0.5898654100973172}
{"id":"unified_chip2/87405","predicted_model_label":1,"proba_base":0.5162954219943819,"proba_large":0.025,"proba_xl":0.4587045780056179}
{"id":"itwgpt4/35507","predicted_model_label":1,"proba_base":0.4322222792607803,"proba_large":0.19,"proba_xl":0.3777777207392197}
{"id":"dolly_15k/classification/553","predicted_model_label":1,"proba_base":0.6038095657147886,"proba_large":0.12,"proba_xl":0.2761904342852114}
{"id":"unified_chip2/49836","predicted_model_label":3,"proba_base":0.07,"proba_large":0.2845609843745072,"proba_xl":0.6454390156254928}
{"id":"unified_chip2/31851","predicted_model_label":2,"proba_base":0.24278951171843638,"proba_large":0.5349555613106662,"proba_xl":0.22225492697089735}
{"id":"unified_chip2/14024","predicted_model_label":3,"proba_base":0.36621827474733615,"proba_large":0.12105799582957637,"proba_xl":0.5127237294230875}
{"id":"unified_chip2/130656","predicted_model_label":3,"proba_base":0.07960727472245893,"proba_large":0.21757889737630307,"proba_xl":0.702813827901238}
{"id":"itwgpt4/20847","predicted_model_label":1,"proba_base":0.5302992570132858,"proba_large":0.125,"proba_xl":0.3447007429867142}
{"id":"unified_chip2/2286","predicted_model_label":3,"proba_base":0.16,"proba_large":0.18,"proba_xl":0.66}
{"id":"itwgpt4/44513","predicted_model_label":1,"proba_base":0.46,"proba_large":0.175,"proba_xl":0.365}
{"id":"sharegpt/VW7V5Me_0","predicted_model_label":1,"proba_base":0.535,"proba_large":0.18504220056510984,"proba_xl":0.27995779943489013}
{"id":"unified_chip2/46781","predicted_model_label":1,"proba_base":0.5869688387125711,"proba_large":0.05579088184931507,"proba_xl":0.3572402794381139}
{"id":"unified_chip2/4567","predicted_model_label":3,"proba_base":0.2709240516864192,"proba_large":0.29284972952665284,"proba_xl":0.43622621878692797}
{"id":"unified_chip2/76590","predicted_model_label":1,"proba_base":0.5599635212197996,"proba_large":0.035,"proba_xl":0.4050364787802004}
{"id":"unified_chip2/7152","predicted_model_label":3,"proba_base":0.30301868386547354,"proba_large":0.1752870478004068,"proba_xl":0.5216942683341196}
{"id":"itwgpt4/48894","predicted_model_label":1,"proba_base":0.495,"proba_large":0.115,"proba_xl":0.39}
{"id":"unified_chip2/155992","predicted_model_label":3,"proba_base":0.22771619609358967,"proba_large":0.3228913691591703,"proba_xl":0.44939243474723994}
{"id":"unified_chip2/128161","predicted_model_label":3,"proba_base":0.15591130815393933,"proba_large":0.29873346054895394,"proba_xl":0.5453552312971067}
{"id":"unified_chip2/81326","predicted_model_label":3,"proba_base":0.4131364040509113,"proba_large":0.14289544092465753,"proba_xl":0.4439681550244311}
{"id":"unified_chip2/161635","predicted_model_label":2,"proba_base":0.005,"proba_large":0.722225122898715,"proba_xl":0.272774877101284}
{"id":"unified_chip2/156657","predicted_model_label":2,"proba_base":0.015,"proba_large":0.90057974579593,"proba_xl":0.0844202542040699}
{"id":"unified_chip2/116722","predicted_model_label":3,"proba_base":0.2,"proba_large":0.212619825708061,"proba_xl":0.587380174291939}
{"id":"unified_chip2/30880","predicted_model_label":3,"proba_base":0.3240558335564225,"proba_large":0.12501158698713005,"proba_xl":0.5509325794564475}
{"id":"unified_chip2/81859","predicted_model_label":3,"proba_base":0.1,"proba_large":0.055,"proba_xl":0.845}
{"id":"unified_chip2/62411","predicted_model_label":3,"proba_base":0.265,"proba_large":0.13883776595744682,"proba_xl":0.5961622340425532}
{"id":"unified_chip2/52485","predicted_model_label":3,"proba_base":0.25247585133378714,"proba_large":0.22434246163105626,"proba_xl":0.5231816870351566}
{"id":"unified_chip2/163521","predicted_model_label":3,"proba_base":0.2167546048677148,"proba_large":0.08772573978365468,"proba_xl":0.6955196553486306}
{"id":"unified_chip2/135042","predicted_model_label":3,"proba_base":0.1294691726039442,"proba_large":0.365786307149871,"proba_xl":0.5047445202461849}
{"id":"unified_chip2/48365","predicted_model_label":3,"proba_base":0.10913796399553927,"proba_large":0.35361510849981537,"proba_xl":0.5372469275046453}
{"id":"unified_chip2/9930","predicted_model_label":2,"proba_base":0.2313637378688928,"proba_large":0.3925917770281413,"proba_xl":0.37604448510296584}
{"id":"unified_chip2/86945","predicted_model_label":1,"proba_base":0.725,"proba_large":0.195,"proba_xl":0.08}
{"id":"unified_chip2/64695","predicted_model_label":3,"proba_base":0.035,"proba_large":0.02297372488408037,"proba_xl":0.9420262751159197}
{"id":"unified_chip2/32230","predicted_model_label":3,"proba_base":0.015,"proba_large":0.11169437039251674,"proba_xl":0.8733056296074833}
{"id":"unified_chip2/76726","predicted_model_label":3,"proba_base":0.25,"proba_large":0.085,"proba_xl":0.665}
{"id":"unified_chip2/66843","predicted_model_label":3,"proba_base":0.1860419808508952,"proba_large":0.3409698261303886,"proba_xl":0.4729881930187162}
{"id":"unified_chip2/40540","predicted_model_label":2,"proba_base":0.05307697775250551,"proba_large":0.745,"proba_xl":0.2019230222474945}
{"id":"unified_chip2/70559","predicted_model_label":2,"proba_base":0.08210455907534246,"proba_large":0.49091572409335116,"proba_xl":0.4269797168313063}
{"id":"dolly_15k/general_qa/1076","predicted_model_label":3,"proba_base":0.3588095657147886,"proba_large":0.24907454468445572,"proba_xl":0.3921158896007557}
{"id":"itwgpt4/33840","predicted_model_label":1,"proba_base":0.455,"proba_large":0.17,"proba_xl":0.375}
{"id":"unified_chip2/115551","predicted_model_label":1,"proba_base":0.4751819805389128,"proba_large":0.13362137254815035,"proba_xl":0.3911966469129369}
{"id":"unified_chip2/22385","predicted_model_label":3,"proba_base":0.26450588815017645,"proba_large":0.23803317427002926,"proba_xl":0.49746093757979426}
{"id":"unified_chip2/63687","predicted_model_label":1,"proba_base":0.7041088227280744,"proba_large":0.07383776595744682,"proba_xl":0.22205341131447884}
{"id":"unified_chip2/132457","predicted_model_label":3,"proba_base":0.01,"proba_large":0.44576680125308427,"proba_xl":0.5442331987469159}
{"id":"unified_chip2/98852","predicted_model_label":3,"proba_base":0.27737201187758026,"proba_large":0.12676296170450163,"proba_xl":0.595865026417918}
{"id":"unified_chip2/111263","predicted_model_label":1,"proba_base":0.6342255689059657,"proba_large":0.035,"proba_xl":0.3307744310940343}
{"id":"unified_chip2/36497","predicted_model_label":3,"proba_base":0.1530769777525055,"proba_large":0.3475347092585876,"proba_xl":0.4993883129889069}
{"id":"unified_chip2/91421","predicted_model_label":3,"proba_base":0.3306849526430939,"proba_large":0.21646656979386733,"proba_xl":0.4528484775630387}
{"id":"itwgpt4/5053","predicted_model_label":1,"proba_base":0.5041379639955393,"proba_large":0.20605799582957637,"proba_xl":0.28980404017488437}
{"id":"itwgpt4/50183","predicted_model_label":1,"proba_base":0.445,"proba_large":0.155,"proba_xl":0.4}
{"id":"itwgpt4/9448","predicted_model_label":1,"proba_base":0.425,"proba_large":0.16,"proba_xl":0.415}
{"id":"unified_chip2/83544","predicted_model_label":3,"proba_base":0.0,"proba_large":0.06399248630550324,"proba_xl":0.9360075136944969}
{"id":"unified_chip2/115853","predicted_model_label":1,"proba_base":0.5779622655720419,"proba_large":0.11203773442795813,"proba_xl":0.31}
{"id":"unified_chip2/24420","predicted_model_label":3,"proba_base":0.21306927514360902,"proba_large":0.2120394631834843,"proba_xl":0.5748912616729068}
{"id":"unified_chip2/40506","predicted_model_label":3,"proba_base":0.05,"proba_large":0.34227411618844683,"proba_xl":0.6077258838115531}
{"id":"unified_chip2/10006","predicted_model_label":3,"proba_base":0.16,"proba_large":0.36,"proba_xl":0.48}
{"id":"unified_chip2/87828","predicted_model_label":3,"proba_base":0.155,"proba_large":0.15,"proba_xl":0.695}
{"id":"unified_chip2/79983","predicted_model_label":3,"proba_base":0.03633276855303287,"proba_large":0.2693540881449871,"proba_xl":0.69431314330198}
{"id":"dolly_15k/classification/2053","predicted_model_label":1,"proba_base":0.63,"proba_large":0.09,"proba_xl":0.28}
{"id":"itwgpt4/24227","predicted_model_label":1,"proba_base":0.435,"proba_large":0.21,"proba_xl":0.355}
{"id":"unified_chip2/154854","predicted_model_label":2,"proba_base":0.03307697775250551,"proba_large":0.7446343899673249,"proba_xl":0.22228863228016962}
{"id":"unified_chip2/75123","predicted_model_label":1,"proba_base":0.5608292942063658,"proba_large":0.055,"proba_xl":0.38417070579363416}
{"id":"itwgpt4/30794","predicted_model_label":1,"proba_base":0.455,"proba_large":0.205,"proba_xl":0.34}
{"id":"unified_chip2/82132","predicted_model_label":3,"proba_base":0.0,"proba_large":0.0,"proba_xl":1.0}
{"id":"unified_chip2/121899","predicted_model_label":1,"proba_base":0.9335294597238831,"proba_large":0.013438170121515366,"proba_xl":0.053032370154601605}
{"id":"unified_chip2/94367","predicted_model_label":3,"proba_base":0.21,"proba_large":0.365,"proba_xl":0.425}
{"id":"unified_chip2/25371","predicted_model_label":3,"proba_base":0.05722227926078029,"proba_large":0.005,"proba_xl":0.9377777207392196}
{"id":"dolly_15k/brainstorming/629","predicted_model_label":3,"proba_base":0.39671866684808327,"proba_large":0.2,"proba_xl":0.4032813331519167}
{"id":"unified_chip2/42541","predicted_model_label":3,"proba_base":0.18210108391044894,"proba_large":0.2110435139888386,"proba_xl":0.6068554021007126}
{"id":"itwgpt4/2061","predicted_model_label":1,"proba_base":0.545,"proba_large":0.16,"proba_xl":0.295}
{"id":"laion/unified_chip2/4290","predicted_model_label":1,"proba_base":0.43,"proba_large":0.18843817012151537,"proba_xl":0.3815618298784846}
{"id":"unified_chip2/22119","predicted_model_label":1,"proba_base":0.45660643747638857,"proba_large":0.175,"proba_xl":0.36839356252361144}
{"id":"unified_chip2/108190","predicted_model_label":3,"proba_base":0.3481339170371171,"proba_large":0.1950898709465529,"proba_xl":0.4567762120163301}
{"id":"unified_chip2/17266","predicted_model_label":3,"proba_base":0.095,"proba_large":0.07,"proba_xl":0.835}
{"id":"itwgpt4/35382","predicted_model_label":1,"proba_base":0.5030769777525055,"proba_large":0.15,"proba_xl":0.3469230222474945}
{"id":"itwgpt4/15796","predicted_model_label":3,"proba_base":0.25,"proba_large":0.275,"proba_xl":0.475}
{"id":"unified_chip2/129022","predicted_model_label":3,"proba_base":0.28,"proba_large":0.235,"proba_xl":0.485}
{"id":"unified_chip2/25171","predicted_model_label":1,"proba_base":0.7387346583575551,"proba_large":0.055,"proba_xl":0.20626534164244498}
{"id":"itwgpt4/42785","predicted_model_label":1,"proba_base":0.535,"proba_large":0.2,"proba_xl":0.265}
{"id":"itwgpt4/34355","predicted_model_label":3,"proba_base":0.241153955505011,"proba_large":0.08958357156470363,"proba_xl":0.6692624729302853}
{"id":"unified_chip2/24749","predicted_model_label":1,"proba_base":0.855,"proba_large":0.065,"proba_xl":0.08}
{"id":"unified_chip2/11352","predicted_model_label":3,"proba_base":0.3,"proba_large":0.09,"proba_xl":0.61}
