{"id":"unified_chip2/5381","predicted_model_label":3,"proba_base":0.03195980417418191,"proba_large":0.379938048000275,"proba_xl":0.5881021478255432}
{"id":"unified_chip2/10189","predicted_model_label":2,"proba_base":0.02781124196404363,"proba_large":0.5076581855089801,"proba_xl":0.46453057252697627}
{"id":"unified_chip2/126674","predicted_model_label":3,"proba_base":0.13919619865113428,"proba_large":0.05891286947573038,"proba_xl":0.8018909318731354}
{"id":"unified_chip2/18558","predicted_model_label":3,"proba_base":0.07347037340637769,"proba_large":0.1730745503905499,"proba_xl":0.7534550762030725}
{"id":"unified_chip2/163004","predicted_model_label":3,"proba_base":0.09261520394250983,"proba_large":0.12271099567631978,"proba_xl":0.7846738003811704}
{"id":"unified_chip2/780","predicted_model_label":3,"proba_base":0.2634203326420432,"proba_large":0.16787209042076992,"proba_xl":0.5687075769371869}
{"id":"unified_chip2/71022","predicted_model_label":3,"proba_base":0.025,"proba_large":0.0738737219052237,"proba_xl":0.9011262780947763}
{"id":"itwgpt4/49673","predicted_model_label":3,"proba_base":0.28,"proba_large":0.195,"proba_xl":0.525}
{"id":"unified_chip2/65111","predicted_model_label":3,"proba_base":0.021073031937521566,"proba_large":0.042542011375387795,"proba_xl":0.9363849566870907}
{"id":"unified_chip2/54424","predicted_model_label":3,"proba_base":0.11745798862461221,"proba_large":0.1704141017961577,"proba_xl":0.71212790957923}
{"id":"unified_chip2/131578","predicted_model_label":3,"proba_base":0.13390393862183658,"proba_large":0.4117025498850358,"proba_xl":0.4543935114931276}
{"id":"unified_chip2/128055","predicted_model_label":3,"proba_base":0.11,"proba_large":0.23609672921678068,"proba_xl":0.6539032707832193}
{"id":"itwgpt4/28735","predicted_model_label":1,"proba_base":0.45,"proba_large":0.19,"proba_xl":0.36}
{"id":"unified_chip2/152921","predicted_model_label":1,"proba_base":0.4816541872757465,"proba_large":0.17041410179615774,"proba_xl":0.34793171092809577}
{"id":"itwgpt4/2843","predicted_model_label":3,"proba_base":0.17575376815490076,"proba_large":0.19519157266534226,"proba_xl":0.6290546591797569}
{"id":"unified_chip2/65272","predicted_model_label":1,"proba_base":0.6886150433129093,"proba_large":0.022867062103426008,"proba_xl":0.28851789458366467}
{"id":"unified_chip2/80521","predicted_model_label":3,"proba_base":0.09621699613544994,"proba_large":0.3713437495077778,"proba_xl":0.5324392543567723}
{"id":"unified_chip2/47365","predicted_model_label":3,"proba_base":0.06829577953028858,"proba_large":0.09014145079640137,"proba_xl":0.84156276967331}
{"id":"unified_chip2/137974","predicted_model_label":3,"proba_base":0.07783090668431503,"proba_large":0.33,"proba_xl":0.5921690933156849}
{"id":"unified_chip2/162524","predicted_model_label":3,"proba_base":0.046918426545537045,"proba_large":0.37582834133632703,"proba_xl":0.5772532321181358}
{"id":"unified_chip2/136339","predicted_model_label":1,"proba_base":0.638058649214605,"proba_large":0.05,"proba_xl":0.311941350785395}
{"id":"unified_chip2/145946","predicted_model_label":3,"proba_base":0.12620363926631217,"proba_large":0.30729689388016207,"proba_xl":0.5664994668535257}
{"id":"dolly_15k/open_qa/1183","predicted_model_label":3,"proba_base":0.115,"proba_large":0.29,"proba_xl":0.595}
{"id":"unified_chip2/5028","predicted_model_label":3,"proba_base":0.07361504331290936,"proba_large":0.16,"proba_xl":0.7663849566870907}
{"id":"unified_chip2/40983","predicted_model_label":2,"proba_base":0.07066181336863005,"proba_large":0.4938891748400166,"proba_xl":0.4354490117913536}
{"id":"itwgpt4/48487","predicted_model_label":3,"proba_base":0.3523263086335826,"proba_large":0.245,"proba_xl":0.4026736913664174}
{"id":"unified_chip2/110394","predicted_model_label":3,"proba_base":0.11,"proba_large":0.115,"proba_xl":0.775}
{"id":"itwgpt4/14728","predicted_model_label":3,"proba_base":0.32,"proba_large":0.175,"proba_xl":0.505}
{"id":"unified_chip2/101370","predicted_model_label":1,"proba_base":0.6939827746741155,"proba_large":0.054218615163344974,"proba_xl":0.25179861016253957}
{"id":"unified_chip2/93523","predicted_model_label":3,"proba_base":0.005,"proba_large":0.01,"proba_xl":0.985}
{"id":"unified_chip2/43006","predicted_model_label":3,"proba_base":0.07723008662581872,"proba_large":0.145,"proba_xl":0.7777699133741812}
{"id":"unified_chip2/7431","predicted_model_label":3,"proba_base":0.23342783250690785,"proba_large":0.07389847612667476,"proba_xl":0.6926736913664174}
{"id":"itwgpt4/41218","predicted_model_label":3,"proba_base":0.275,"proba_large":0.36,"proba_xl":0.365}
{"id":"unified_chip2/67592","predicted_model_label":3,"proba_base":0.2769598041741819,"proba_large":0.2271455807411207,"proba_xl":0.4958946150846974}
{"id":"itwgpt4/23961","predicted_model_label":1,"proba_base":0.415,"proba_large":0.26,"proba_xl":0.325}
{"id":"dolly_15k/open_qa/115","predicted_model_label":3,"proba_base":0.405,"proba_large":0.105,"proba_xl":0.49}
{"id":"itwgpt4/4480","predicted_model_label":1,"proba_base":0.502830906684315,"proba_large":0.145,"proba_xl":0.352169093315685}
{"id":"itwgpt4/6395","predicted_model_label":1,"proba_base":0.48398277467411543,"proba_large":0.085,"proba_xl":0.43101722532588455}
{"id":"itwgpt4/32665","predicted_model_label":1,"proba_base":0.4,"proba_large":0.30864844694008103,"proba_xl":0.291351553059919}
{"id":"itwgpt4/2984","predicted_model_label":3,"proba_base":0.3373263086335826,"proba_large":0.2644504494089766,"proba_xl":0.3982232419574408}
{"id":"unified_chip2/74026","predicted_model_label":3,"proba_base":0.10835406799667885,"proba_large":0.10531428778334805,"proba_xl":0.786331644219973}
{"id":"unified_chip2/156521","predicted_model_label":3,"proba_base":0.009196198651134272,"proba_large":0.025,"proba_xl":0.9658038013488658}
{"id":"unified_chip2/112359","predicted_model_label":3,"proba_base":0.03890393862183659,"proba_large":0.03254201137538779,"proba_xl":0.9285540500027756}
{"id":"unified_chip2/24123","predicted_model_label":1,"proba_base":0.4881752806903591,"proba_large":0.075,"proba_xl":0.4368247193096409}
{"id":"unified_chip2/128489","predicted_model_label":3,"proba_base":0.24861504331290937,"proba_large":0.175,"proba_xl":0.5763849566870907}
{"id":"unified_chip2/109084","predicted_model_label":3,"proba_base":0.3914459499972244,"proba_large":0.115,"proba_xl":0.49355405000277563}
{"id":"unified_chip2/139244","predicted_model_label":3,"proba_base":0.23,"proba_large":0.14,"proba_xl":0.63}
{"id":"unified_chip2/80404","predicted_model_label":3,"proba_base":0.1573263086335826,"proba_large":0.055,"proba_xl":0.7876736913664175}
{"id":"unified_chip2/138153","predicted_model_label":3,"proba_base":0.06283090668431501,"proba_large":0.025395790229219707,"proba_xl":0.9117733030864653}
{"id":"unified_chip2/99511","predicted_model_label":3,"proba_base":0.4113649553271225,"proba_large":0.12364844694008102,"proba_xl":0.4649865977327965}
{"id":"unified_chip2/13594","predicted_model_label":3,"proba_base":0.1379960540377078,"proba_large":0.22132627666085247,"proba_xl":0.6406776693014397}
{"id":"unified_chip2/153853","predicted_model_label":3,"proba_base":0.145,"proba_large":0.145,"proba_xl":0.71}
{"id":"unified_chip2/104051","predicted_model_label":3,"proba_base":0.04,"proba_large":0.01,"proba_xl":0.95}
{"id":"unified_chip2/116318","predicted_model_label":3,"proba_base":0.28644594999722434,"proba_large":0.055,"proba_xl":0.6585540500027756}
{"id":"itwgpt4/9037","predicted_model_label":3,"proba_base":0.315,"proba_large":0.3,"proba_xl":0.385}
{"id":"unified_chip2/60122","predicted_model_label":1,"proba_base":0.5194850939600615,"proba_large":0.3125420113753878,"proba_xl":0.1679728946645507}
{"id":"itwgpt4/20169","predicted_model_label":1,"proba_base":0.485,"proba_large":0.17,"proba_xl":0.345}
{"id":"itwgpt4/23274","predicted_model_label":3,"proba_base":0.185,"proba_large":0.2,"proba_xl":0.615}
{"id":"unified_chip2/14587","predicted_model_label":3,"proba_base":0.03745798862461221,"proba_large":0.2058098920253774,"proba_xl":0.7567321193500104}
{"id":"itwgpt4/33386","predicted_model_label":3,"proba_base":0.24,"proba_large":0.175,"proba_xl":0.585}
{"id":"unified_chip2/112931","predicted_model_label":3,"proba_base":0.03861504331290936,"proba_large":0.045,"proba_xl":0.9163849566870907}
{"id":"unified_chip2/2699","predicted_model_label":3,"proba_base":0.06329577953028859,"proba_large":0.14764956128995452,"proba_xl":0.7890546591797569}
{"id":"itwgpt4/10241","predicted_model_label":1,"proba_base":0.5182957795302886,"proba_large":0.2317042204697114,"proba_xl":0.25}
{"id":"unified_chip2/27979","predicted_model_label":2,"proba_base":0.11879139021772467,"proba_large":0.44913391340389575,"proba_xl":0.43207469637837953}
{"id":"unified_chip2/13088","predicted_model_label":1,"proba_base":0.48,"proba_large":0.2470907055841149,"proba_xl":0.2729092944158851}
{"id":"dolly_15k/brainstorming/935","predicted_model_label":3,"proba_base":0.13594135194649196,"proba_large":0.165,"proba_xl":0.699058648053508}
{"id":"unified_chip2/97736","predicted_model_label":3,"proba_base":0.27,"proba_large":0.215,"proba_xl":0.515}
{"id":"unified_chip2/68759","predicted_model_label":3,"proba_base":0.2538842739015652,"proba_large":0.1675420113753878,"proba_xl":0.578573714723047}
{"id":"unified_chip2/131044","predicted_model_label":3,"proba_base":0.005,"proba_large":0.0791523837118595,"proba_xl":0.9158476162881405}
{"id":"unified_chip2/87861","predicted_model_label":3,"proba_base":0.32641382849480466,"proba_large":0.16091248013877799,"proba_xl":0.5126736913664174}
{"id":"unified_chip2/42176","predicted_model_label":3,"proba_base":0.025,"proba_large":0.085,"proba_xl":0.89}
{"id":"itwgpt4/2548","predicted_model_label":3,"proba_base":0.3395145335361853,"proba_large":0.21048546646381472,"proba_xl":0.45}
{"id":"itwgpt4/26208","predicted_model_label":1,"proba_base":0.67,"proba_large":0.105,"proba_xl":0.225}
{"id":"unified_chip2/12774","predicted_model_label":3,"proba_base":0.009196198651134272,"proba_large":0.005,"proba_xl":0.9858038013488657}
{"id":"unified_chip2/36737","predicted_model_label":3,"proba_base":0.115,"proba_large":0.02364844694008103,"proba_xl":0.8613515530599191}
{"id":"unified_chip2/139598","predicted_model_label":3,"proba_base":0.145,"proba_large":0.075,"proba_xl":0.78}
{"id":"unified_chip2/157108","predicted_model_label":3,"proba_base":0.15689177976221264,"proba_large":0.20520651169072301,"proba_xl":0.6379017085470644}
{"id":"unified_chip2/6812","predicted_model_label":2,"proba_base":0.02195980417418191,"proba_large":0.8430401958258181,"proba_xl":0.135}
{"id":"itwgpt4/25006","predicted_model_label":3,"proba_base":0.225,"proba_large":0.24,"proba_xl":0.535}
{"id":"unified_chip2/35175","predicted_model_label":3,"proba_base":0.06562208816387119,"proba_large":0.06446308064243894,"proba_xl":0.86991483119369}
{"id":"dolly_15k/general_qa/885","predicted_model_label":3,"proba_base":0.145,"proba_large":0.24558221699632402,"proba_xl":0.609417783003676}
{"id":"unified_chip2/84907","predicted_model_label":3,"proba_base":0.21,"proba_large":0.11746587818109401,"proba_xl":0.6725341218189058}
{"id":"unified_chip2/103136","predicted_model_label":3,"proba_base":0.44326718179578734,"proba_large":0.07591248013877797,"proba_xl":0.4808203380654347}
{"id":"unified_chip2/18378","predicted_model_label":3,"proba_base":0.01,"proba_large":0.17533796860186396,"proba_xl":0.814662031398136}
{"id":"unified_chip2/100070","predicted_model_label":1,"proba_base":0.795,"proba_large":0.02,"proba_xl":0.185}
{"id":"unified_chip2/86951","predicted_model_label":3,"proba_base":0.16283090668431502,"proba_large":0.18809889634905766,"proba_xl":0.6490701969666273}
{"id":"unified_chip2/46998","predicted_model_label":2,"proba_base":0.01,"proba_large":0.98,"proba_xl":0.01}
{"id":"unified_chip2/154212","predicted_model_label":3,"proba_base":0.24861504331290935,"proba_large":0.18921861516334498,"proba_xl":0.5621663415237456}
{"id":"unified_chip2/32995","predicted_model_label":3,"proba_base":0.1105894259577282,"proba_large":0.075,"proba_xl":0.8144105740422718}
{"id":"unified_chip2/145692","predicted_model_label":3,"proba_base":0.058615043312909364,"proba_large":0.20106706449137202,"proba_xl":0.7403178921957185}
{"id":"unified_chip2/77946","predicted_model_label":2,"proba_base":0.005,"proba_large":0.9940097385688991,"proba_xl":0.000990261431100927}
{"id":"unified_chip2/124668","predicted_model_label":3,"proba_base":0.07474793174767322,"proba_large":0.42386331119729265,"proba_xl":0.501388757055034}
{"id":"unified_chip2/118564","predicted_model_label":3,"proba_base":0.12005015572918662,"proba_large":0.18591269163707252,"proba_xl":0.6940371526337408}
{"id":"dolly_15k/brainstorming/638","predicted_model_label":3,"proba_base":0.15,"proba_large":0.125,"proba_xl":0.725}
{"id":"unified_chip2/118104","predicted_model_label":2,"proba_base":0.08228458173604189,"proba_large":0.6148366593906376,"proba_xl":0.3028787588733206}
{"id":"itwgpt4/22053","predicted_model_label":3,"proba_base":0.22887597694711015,"proba_large":0.283061872029111,"proba_xl":0.4880621510237789}
{"id":"unified_chip2/128380","predicted_model_label":2,"proba_base":0.01,"proba_large":0.8217607938715862,"proba_xl":0.16823920612841373}
{"id":"dolly_15k/brainstorming/1095","predicted_model_label":3,"proba_base":0.27,"proba_large":0.16,"proba_xl":0.57}
{"id":"unified_chip2/139421","predicted_model_label":3,"proba_base":0.416918426545537,"proba_large":0.059560927078859,"proba_xl":0.5235206463756039}
{"id":"unified_chip2/137793","predicted_model_label":3,"proba_base":0.15,"proba_large":0.18152053736085094,"proba_xl":0.668479462639149}
{"id":"unified_chip2/36180","predicted_model_label":3,"proba_base":0.08,"proba_large":0.22281656493291238,"proba_xl":0.6971834350670875}
{"id":"unified_chip2/135585","predicted_model_label":3,"proba_base":0.02,"proba_large":0.015,"proba_xl":0.965}
{"id":"unified_chip2/127598","predicted_model_label":3,"proba_base":0.21398049590932908,"proba_large":0.18754201137538778,"proba_xl":0.598477492715283}
{"id":"unified_chip2/96990","predicted_model_label":3,"proba_base":0.18224503310164406,"proba_large":0.07,"proba_xl":0.747754966898356}
{"id":"sharegpt/yaOAhIw_0","predicted_model_label":1,"proba_base":0.985,"proba_large":0.0,"proba_xl":0.015}
{"id":"unified_chip2/94464","predicted_model_label":3,"proba_base":0.07100177420644713,"proba_large":0.12164442464671542,"proba_xl":0.8073538011468373}
{"id":"unified_chip2/64041","predicted_model_label":2,"proba_base":0.06953410946076928,"proba_large":0.5632995490154851,"proba_xl":0.36716634152374567}
{"id":"unified_chip2/27022","predicted_model_label":3,"proba_base":0.09,"proba_large":0.162867062103426,"proba_xl":0.747132937896574}
{"id":"unified_chip2/103644","predicted_model_label":3,"proba_base":0.11435341396903188,"proba_large":0.10364844694008102,"proba_xl":0.781998139090887}
{"id":"unified_chip2/87925","predicted_model_label":3,"proba_base":0.2319598041741819,"proba_large":0.16249064523479467,"proba_xl":0.6055495505910234}
{"id":"unified_chip2/11734","predicted_model_label":3,"proba_base":0.04144865543376834,"proba_large":0.15643358153416348,"proba_xl":0.8021177630320682}
{"id":"unified_chip2/152459","predicted_model_label":3,"proba_base":0.08419619865113427,"proba_large":0.0704092408116673,"proba_xl":0.8453945605371984}
{"id":"unified_chip2/37025","predicted_model_label":3,"proba_base":0.11723008662581873,"proba_large":0.18959378776032412,"proba_xl":0.6931761256138571}
{"id":"sharegpt/5D4TSCc_0","predicted_model_label":3,"proba_base":0.2584871089659923,"proba_large":0.23468567760236803,"proba_xl":0.5068272134316397}
{"id":"unified_chip2/37560","predicted_model_label":3,"proba_base":0.049915977249224405,"proba_large":0.06715931381182005,"proba_xl":0.8829247089389554}
{"id":"unified_chip2/96653","predicted_model_label":3,"proba_base":0.46,"proba_large":0.075,"proba_xl":0.465}
{"id":"unified_chip2/164107","predicted_model_label":3,"proba_base":0.370139641360047,"proba_large":0.08900973856889907,"proba_xl":0.5408506200710539}
{"id":"unified_chip2/67381","predicted_model_label":3,"proba_base":0.36,"proba_large":0.24,"proba_xl":0.4}
{"id":"unified_chip2/97742","predicted_model_label":1,"proba_base":0.55,"proba_large":0.16,"proba_xl":0.29}
{"id":"itwgpt4/27670","predicted_model_label":1,"proba_base":0.5,"proba_large":0.215,"proba_xl":0.285}
{"id":"unified_chip2/69043","predicted_model_label":1,"proba_base":0.735,"proba_large":0.10732253982974653,"proba_xl":0.15767746017025347}
{"id":"itwgpt4/40533","predicted_model_label":3,"proba_base":0.16,"proba_large":0.395,"proba_xl":0.445}
{"id":"unified_chip2/28142","predicted_model_label":1,"proba_base":0.5610202937407877,"proba_large":0.01,"proba_xl":0.42897970625921245}
{"id":"unified_chip2/18697","predicted_model_label":3,"proba_base":0.14726469782191542,"proba_large":0.1186690645723216,"proba_xl":0.734066237605763}
{"id":"itwgpt4/9196","predicted_model_label":3,"proba_base":0.2982957795302886,"proba_large":0.22592283563305637,"proba_xl":0.47578138483665505}
{"id":"unified_chip2/72948","predicted_model_label":3,"proba_base":0.2679881220022126,"proba_large":0.10809889634905766,"proba_xl":0.6239129816487297}
{"id":"itwgpt4/11906","predicted_model_label":3,"proba_base":0.29,"proba_large":0.17,"proba_xl":0.54}
{"id":"itwgpt4/7561","predicted_model_label":1,"proba_base":0.445,"proba_large":0.255,"proba_xl":0.3}
{"id":"sharegpt/Caxpnd3_0","predicted_model_label":3,"proba_base":0.44,"proba_large":0.10421861516334499,"proba_xl":0.455781384836655}
{"id":"sharegpt/oDoLdHY_39","predicted_model_label":3,"proba_base":0.38,"proba_large":0.223648446940081,"proba_xl":0.39635155305991904}
{"id":"unified_chip2/88981","predicted_model_label":3,"proba_base":0.2250925957794397,"proba_large":0.18938759946427694,"proba_xl":0.5855198047562833}
{"id":"unified_chip2/99808","predicted_model_label":3,"proba_base":0.10566181336863004,"proba_large":0.15152053736085094,"proba_xl":0.7428176492705191}
{"id":"dolly_15k/general_qa/1290","predicted_model_label":1,"proba_base":0.7386150433129095,"proba_large":0.115,"proba_xl":0.14638495668709064}
{"id":"dolly_15k/general_qa/775","predicted_model_label":1,"proba_base":0.49,"proba_large":0.298648446940081,"proba_xl":0.21135155305991898}
{"id":"unified_chip2/139291","predicted_model_label":3,"proba_base":0.06,"proba_large":0.09364844694008102,"proba_xl":0.846351553059919}
{"id":"dolly_15k/open_qa/2621","predicted_model_label":3,"proba_base":0.0,"proba_large":0.002368166089965398,"proba_xl":0.9976318339100345}
{"id":"unified_chip2/20153","predicted_model_label":3,"proba_base":0.20724228588280702,"proba_large":0.3543026379141206,"proba_xl":0.43845507620307245}
{"id":"unified_chip2/62096","predicted_model_label":3,"proba_base":0.205,"proba_large":0.155,"proba_xl":0.64}
{"id":"unified_chip2/150906","predicted_model_label":3,"proba_base":0.055,"proba_large":0.029450449408976617,"proba_xl":0.9155495505910234}
{"id":"unified_chip2/3354","predicted_model_label":1,"proba_base":0.66,"proba_large":0.08961943370990859,"proba_xl":0.2503805662900914}
{"id":"dolly_15k/brainstorming/840","predicted_model_label":3,"proba_base":0.12361504331290936,"proba_large":0.1,"proba_xl":0.7763849566870907}
{"id":"unified_chip2/47688","predicted_model_label":3,"proba_base":0.185,"proba_large":0.24364844694008103,"proba_xl":0.571351553059919}
{"id":"unified_chip2/77631","predicted_model_label":3,"proba_base":0.14919257242281014,"proba_large":0.06496279600488482,"proba_xl":0.785844631572305}
{"id":"unified_chip2/58683","predicted_model_label":3,"proba_base":0.0624579886246122,"proba_large":0.0725420113753878,"proba_xl":0.865}
{"id":"unified_chip2/155454","predicted_model_label":3,"proba_base":0.1857340161144063,"proba_large":0.2948416842144486,"proba_xl":0.5194242996711451}
{"id":"unified_chip2/81662","predicted_model_label":2,"proba_base":0.01,"proba_large":0.8909081368251279,"proba_xl":0.09909186317487208}
{"id":"unified_chip2/129602","predicted_model_label":3,"proba_base":0.09361504331290936,"proba_large":0.075,"proba_xl":0.8313849566870907}
{"id":"itwgpt4/25094","predicted_model_label":1,"proba_base":0.42,"proba_large":0.245,"proba_xl":0.335}
{"id":"unified_chip2/127291","predicted_model_label":3,"proba_base":0.05223008662581872,"proba_large":0.24968567760236804,"proba_xl":0.6980842357718133}
{"id":"unified_chip2/674","predicted_model_label":3,"proba_base":0.06456297086472432,"proba_large":0.21151550904350702,"proba_xl":0.7239215200917687}
{"id":"unified_chip2/48411","predicted_model_label":1,"proba_base":0.555,"proba_large":0.36,"proba_xl":0.085}
{"id":"dolly_15k/classification/705","predicted_model_label":1,"proba_base":0.6,"proba_large":0.035,"proba_xl":0.365}
{"id":"unified_chip2/140194","predicted_model_label":3,"proba_base":0.08745798862461221,"proba_large":0.2817413518774594,"proba_xl":0.6308006594979284}
{"id":"unified_chip2/58216","predicted_model_label":1,"proba_base":0.5278221703037941,"proba_large":0.2067530138997985,"proba_xl":0.2654248157964075}
{"id":"itwgpt4/21811","predicted_model_label":1,"proba_base":0.425,"proba_large":0.375,"proba_xl":0.2}
{"id":"unified_chip2/120563","predicted_model_label":1,"proba_base":0.7066727333798982,"proba_large":0.02364844694008103,"proba_xl":0.26967881968002066}
{"id":"unified_chip2/13476","predicted_model_label":3,"proba_base":0.095,"proba_large":0.2280988963490576,"proba_xl":0.6769011036509425}
{"id":"itwgpt4/24504","predicted_model_label":3,"proba_base":0.3379595330739299,"proba_large":0.20704046692607003,"proba_xl":0.455}
{"id":"unified_chip2/60952","predicted_model_label":3,"proba_base":0.05702710533544929,"proba_large":0.35287209042076995,"proba_xl":0.5901008042437809}
{"id":"unified_chip2/19496","predicted_model_label":3,"proba_base":0.14152250728471688,"proba_large":0.12726471820239077,"proba_xl":0.7312127745128921}
{"id":"dolly_15k/open_qa/1423","predicted_model_label":3,"proba_base":0.01,"proba_large":0.04,"proba_xl":0.95}
{"id":"unified_chip2/30164","predicted_model_label":3,"proba_base":0.10524457454951917,"proba_large":0.27792705252859906,"proba_xl":0.6168283729218816}
{"id":"unified_chip2/20290","predicted_model_label":3,"proba_base":0.03361504331290936,"proba_large":0.07701467933118769,"proba_xl":0.8893702773559029}
{"id":"sharegpt/QFVxKHe_0","predicted_model_label":3,"proba_base":0.25981925311426973,"proba_large":0.3219044173540793,"proba_xl":0.41827632953165106}
{"id":"unified_chip2/116150","predicted_model_label":3,"proba_base":0.22745798862461222,"proba_large":0.1978720188873752,"proba_xl":0.5746699924880125}
{"id":"unified_chip2/48181","predicted_model_label":3,"proba_base":0.007811241964043632,"proba_large":0.0,"proba_xl":0.9921887580359562}
{"id":"unified_chip2/48123","predicted_model_label":3,"proba_base":0.007457988624612203,"proba_large":0.17406254873623872,"proba_xl":0.8184794626391491}
{"id":"unified_chip2/163498","predicted_model_label":3,"proba_base":0.08861504331290936,"proba_large":0.19558221699632403,"proba_xl":0.7158027396907667}
{"id":"unified_chip2/137595","predicted_model_label":3,"proba_base":0.195,"proba_large":0.01,"proba_xl":0.795}
{"id":"unified_chip2/70531","predicted_model_label":3,"proba_base":0.13283090668431502,"proba_large":0.065,"proba_xl":0.802169093315685}
{"id":"unified_chip2/17835","predicted_model_label":1,"proba_base":0.5463359093766956,"proba_large":0.08459889925489165,"proba_xl":0.3690651913684127}
{"id":"unified_chip2/53187","predicted_model_label":3,"proba_base":0.13,"proba_large":0.22888870345081633,"proba_xl":0.6411112965491835}
{"id":"sharegpt/mWsFRK3_94","predicted_model_label":3,"proba_base":0.22361504331290938,"proba_large":0.2869191894013984,"proba_xl":0.48946576728569235}
{"id":"unified_chip2/21601","predicted_model_label":3,"proba_base":0.045,"proba_large":0.10101661303004644,"proba_xl":0.8539833869699536}
{"id":"unified_chip2/120732","predicted_model_label":3,"proba_base":0.06283090668431501,"proba_large":0.2198438095071303,"proba_xl":0.7173252838085545}
{"id":"unified_chip2/127592","predicted_model_label":3,"proba_base":0.005,"proba_large":0.07421861516334498,"proba_xl":0.920781384836655}
{"id":"dolly_15k/open_qa/3484","predicted_model_label":3,"proba_base":0.125,"proba_large":0.11,"proba_xl":0.765}
{"id":"unified_chip2/148533","predicted_model_label":3,"proba_base":0.14,"proba_large":0.315582216996324,"proba_xl":0.5444177830036759}
{"id":"unified_chip2/859","predicted_model_label":3,"proba_base":0.3286150433129093,"proba_large":0.15,"proba_xl":0.5213849566870906}
{"id":"unified_chip2/91765","predicted_model_label":3,"proba_base":0.08884881591829946,"proba_large":0.042872090420769914,"proba_xl":0.8682790936609308}
{"id":"unified_chip2/86760","predicted_model_label":3,"proba_base":0.335,"proba_large":0.205,"proba_xl":0.46}
{"id":"unified_chip2/63418","predicted_model_label":3,"proba_base":0.22,"proba_large":0.045,"proba_xl":0.735}
{"id":"unified_chip2/115443","predicted_model_label":3,"proba_base":0.145,"proba_large":0.07787209042076991,"proba_xl":0.7771279095792301}
{"id":"unified_chip2/151342","predicted_model_label":3,"proba_base":0.22936881146781016,"proba_large":0.10154312572526127,"proba_xl":0.6690880628069286}
{"id":"unified_chip2/164405","predicted_model_label":2,"proba_base":0.04,"proba_large":0.5778248297909669,"proba_xl":0.38217517020903313}
{"id":"dolly_15k/general_qa/646","predicted_model_label":1,"proba_base":0.44,"proba_large":0.16,"proba_xl":0.4}
{"id":"unified_chip2/102323","predicted_model_label":3,"proba_base":0.11361504331290936,"proba_large":0.21259765848691078,"proba_xl":0.6737872982001798}
{"id":"unified_chip2/77245","predicted_model_label":2,"proba_base":0.03008123739560095,"proba_large":0.6985507116041509,"proba_xl":0.2713680510002481}
{"id":"unified_chip2/7911","predicted_model_label":3,"proba_base":0.33745798862461224,"proba_large":0.07007916176628518,"proba_xl":0.5924628496091026}
{"id":"dolly_15k/brainstorming/1360","predicted_model_label":3,"proba_base":0.315,"proba_large":0.1502402565107353,"proba_xl":0.5347597434892646}
{"id":"unified_chip2/13932","predicted_model_label":3,"proba_base":0.035,"proba_large":0.285,"proba_xl":0.68}
{"id":"itwgpt4/22721","predicted_model_label":3,"proba_base":0.3,"proba_large":0.165,"proba_xl":0.535}
{"id":"unified_chip2/17037","predicted_model_label":3,"proba_base":0.152830906684315,"proba_large":0.09,"proba_xl":0.757169093315685}
{"id":"unified_chip2/29934","predicted_model_label":3,"proba_base":0.05,"proba_large":0.07,"proba_xl":0.88}
{"id":"itwgpt4/33122","predicted_model_label":1,"proba_base":0.5336150433129094,"proba_large":0.155,"proba_xl":0.31138495668709065}
{"id":"unified_chip2/88467","predicted_model_label":3,"proba_base":0.03,"proba_large":0.3832140509063586,"proba_xl":0.5867859490936413}
{"id":"unified_chip2/111898","predicted_model_label":2,"proba_base":0.0273263086335826,"proba_large":0.76,"proba_xl":0.2126736913664174}
{"id":"dolly_15k/open_qa/463","predicted_model_label":3,"proba_base":0.23,"proba_large":0.12,"proba_xl":0.65}
{"id":"itwgpt4/30297","predicted_model_label":1,"proba_base":0.59,"proba_large":0.15,"proba_xl":0.26}
{"id":"unified_chip2/18747","predicted_model_label":3,"proba_base":0.005,"proba_large":0.01864844694008103,"proba_xl":0.976351553059919}
{"id":"itwgpt4/50044","predicted_model_label":3,"proba_base":0.22,"proba_large":0.315,"proba_xl":0.465}
{"id":"unified_chip2/72722","predicted_model_label":3,"proba_base":0.05,"proba_large":0.035,"proba_xl":0.915}
{"id":"itwgpt4/23358","predicted_model_label":1,"proba_base":0.515,"proba_large":0.295,"proba_xl":0.19}
{"id":"unified_chip2/31404","predicted_model_label":1,"proba_base":0.582830906684315,"proba_large":0.05364844694008103,"proba_xl":0.36352064637560394}
{"id":"itwgpt4/16932","predicted_model_label":3,"proba_base":0.325,"proba_large":0.255,"proba_xl":0.42}
{"id":"unified_chip2/44429","predicted_model_label":3,"proba_base":0.13,"proba_large":0.19380926714324206,"proba_xl":0.676190732856758}
{"id":"unified_chip2/109904","predicted_model_label":1,"proba_base":0.5340542106708986,"proba_large":0.01,"proba_xl":0.4559457893291014}
{"id":"unified_chip2/142985","predicted_model_label":3,"proba_base":0.16456297086472432,"proba_large":0.12018960193317253,"proba_xl":0.7152474272021032}
{"id":"unified_chip2/17181","predicted_model_label":3,"proba_base":0.19,"proba_large":0.12158678125331036,"proba_xl":0.6884132187466896}
{"id":"unified_chip2/50596","predicted_model_label":3,"proba_base":0.025,"proba_large":0.42,"proba_xl":0.555}
{"id":"unified_chip2/130221","predicted_model_label":3,"proba_base":0.24856621363206488,"proba_large":0.317743107115395,"proba_xl":0.4336906792525401}
{"id":"unified_chip2/150465","predicted_model_label":2,"proba_base":0.188525529515828,"proba_large":0.809138970799507,"proba_xl":0.0023354996846647823}
{"id":"unified_chip2/125280","predicted_model_label":3,"proba_base":0.086426285276953,"proba_large":0.1499577676875409,"proba_xl":0.7636159470355061}
{"id":"unified_chip2/87405","predicted_model_label":3,"proba_base":0.4202140101182917,"proba_large":0.03957619185592975,"proba_xl":0.5402097980257783}
{"id":"itwgpt4/35507","predicted_model_label":3,"proba_base":0.395,"proba_large":0.135,"proba_xl":0.47}
{"id":"dolly_15k/classification/553","predicted_model_label":1,"proba_base":0.44162953123660986,"proba_large":0.18837046876339017,"proba_xl":0.37}
{"id":"unified_chip2/49836","predicted_model_label":3,"proba_base":0.065,"proba_large":0.19787209042076992,"proba_xl":0.73712790957923}
{"id":"unified_chip2/31851","predicted_model_label":2,"proba_base":0.28419619865113427,"proba_large":0.40864844694008107,"proba_xl":0.30715535440878466}
{"id":"unified_chip2/14024","predicted_model_label":3,"proba_base":0.1630474145823404,"proba_large":0.24300910208237425,"proba_xl":0.5939434833352853}
{"id":"unified_chip2/130656","predicted_model_label":3,"proba_base":0.055,"proba_large":0.17985830407671077,"proba_xl":0.7651416959232893}
{"id":"itwgpt4/20847","predicted_model_label":3,"proba_base":0.39817528069035907,"proba_large":0.19,"proba_xl":0.41182471930964093}
{"id":"unified_chip2/2286","predicted_model_label":3,"proba_base":0.11245798862461222,"proba_large":0.2525420113753878,"proba_xl":0.635}
{"id":"itwgpt4/44513","predicted_model_label":3,"proba_base":0.305,"proba_large":0.18,"proba_xl":0.515}
{"id":"sharegpt/VW7V5Me_0","predicted_model_label":1,"proba_base":0.6224579886246122,"proba_large":0.12973426850816389,"proba_xl":0.2478077428672239}
{"id":"unified_chip2/46781","predicted_model_label":3,"proba_base":0.3649791754708776,"proba_large":0.1725420113753878,"proba_xl":0.46247881315373457}
{"id":"unified_chip2/4567","predicted_model_label":3,"proba_base":0.22365379569903499,"proba_large":0.26463320403700347,"proba_xl":0.5117130002639615}
{"id":"unified_chip2/76590","predicted_model_label":1,"proba_base":0.45361504331290936,"proba_large":0.125,"proba_xl":0.4213849566870907}
{"id":"unified_chip2/7152","predicted_model_label":3,"proba_base":0.1982837185123563,"proba_large":0.2693497104654679,"proba_xl":0.5323665710221758}
{"id":"itwgpt4/48894","predicted_model_label":3,"proba_base":0.355,"proba_large":0.18,"proba_xl":0.465}
{"id":"unified_chip2/155992","predicted_model_label":3,"proba_base":0.11062248392808727,"proba_large":0.22386769785936167,"proba_xl":0.6655098182125507}
{"id":"unified_chip2/128161","predicted_model_label":3,"proba_base":0.07361504331290936,"proba_large":0.24016395598358806,"proba_xl":0.6862210007035026}
{"id":"unified_chip2/81326","predicted_model_label":3,"proba_base":0.2381750397224441,"proba_large":0.145473407217637,"proba_xl":0.616351553059919}
{"id":"unified_chip2/161635","predicted_model_label":2,"proba_base":0.0,"proba_large":0.7501083483040866,"proba_xl":0.2498916516959126}
{"id":"unified_chip2/156657","predicted_model_label":2,"proba_base":0.01861504331290936,"proba_large":0.8823175115124026,"proba_xl":0.09906744517468803}
{"id":"unified_chip2/116722","predicted_model_label":3,"proba_base":0.13361504331290935,"proba_large":0.2228720904207699,"proba_xl":0.6435128662663208}
{"id":"unified_chip2/30880","predicted_model_label":3,"proba_base":0.24162953123660982,"proba_large":0.1533704687633902,"proba_xl":0.605}
{"id":"unified_chip2/81859","predicted_model_label":3,"proba_base":0.085,"proba_large":0.021520537360850946,"proba_xl":0.893479462639149}
{"id":"unified_chip2/62411","predicted_model_label":3,"proba_base":0.22,"proba_large":0.175,"proba_xl":0.605}
{"id":"unified_chip2/52485","predicted_model_label":3,"proba_base":0.12024457454951917,"proba_large":0.34337046876339017,"proba_xl":0.5363849566870906}
{"id":"unified_chip2/163521","predicted_model_label":3,"proba_base":0.17259781798702484,"proba_large":0.11364844694008103,"proba_xl":0.7137537350728942}
{"id":"unified_chip2/135042","predicted_model_label":3,"proba_base":0.065,"proba_large":0.2653811103227641,"proba_xl":0.6696188896772358}
{"id":"unified_chip2/48365","predicted_model_label":3,"proba_base":0.07,"proba_large":0.16229689388016205,"proba_xl":0.767703106119838}
{"id":"unified_chip2/9930","predicted_model_label":3,"proba_base":0.16890393862183659,"proba_large":0.27162031675937665,"proba_xl":0.5594757446187867}
{"id":"unified_chip2/86945","predicted_model_label":1,"proba_base":0.472830906684315,"proba_large":0.415,"proba_xl":0.11216909331568498}
{"id":"unified_chip2/64695","predicted_model_label":3,"proba_base":0.025,"proba_large":0.015,"proba_xl":0.96}
{"id":"unified_chip2/32230","predicted_model_label":3,"proba_base":0.025,"proba_large":0.062867062103426,"proba_xl":0.912132937896574}
{"id":"unified_chip2/76726","predicted_model_label":3,"proba_base":0.09,"proba_large":0.07,"proba_xl":0.84}
{"id":"unified_chip2/66843","predicted_model_label":3,"proba_base":0.07,"proba_large":0.21064171735061485,"proba_xl":0.7193582826493851}
{"id":"unified_chip2/40540","predicted_model_label":2,"proba_base":0.065,"proba_large":0.755,"proba_xl":0.18}
{"id":"unified_chip2/70559","predicted_model_label":3,"proba_base":0.05662953123660982,"proba_large":0.34306785303548454,"proba_xl":0.6003026157279056}
{"id":"dolly_15k/general_qa/1076","predicted_model_label":3,"proba_base":0.185,"proba_large":0.325,"proba_xl":0.49}
{"id":"itwgpt4/33840","predicted_model_label":1,"proba_base":0.42,"proba_large":0.255,"proba_xl":0.325}
{"id":"unified_chip2/115551","predicted_model_label":3,"proba_base":0.32974977456803045,"proba_large":0.11038580610572987,"proba_xl":0.5598644193262396}
{"id":"unified_chip2/22385","predicted_model_label":3,"proba_base":0.1424579886246122,"proba_large":0.15770596735897585,"proba_xl":0.6998360440164118}
{"id":"unified_chip2/63687","predicted_model_label":3,"proba_base":0.035,"proba_large":0.06864844694008103,"proba_xl":0.896351553059919}
{"id":"unified_chip2/132457","predicted_model_label":3,"proba_base":0.005,"proba_large":0.47375059268149594,"proba_xl":0.5212494073185039}
{"id":"unified_chip2/98852","predicted_model_label":3,"proba_base":0.12361504331290936,"proba_large":0.12,"proba_xl":0.7563849566870907}
{"id":"unified_chip2/111263","predicted_model_label":1,"proba_base":0.545,"proba_large":0.06787209042076991,"proba_xl":0.38712790957923005}
{"id":"unified_chip2/36497","predicted_model_label":3,"proba_base":0.0656100271459389,"proba_large":0.2666566609803178,"proba_xl":0.6677333118737433}
{"id":"unified_chip2/91421","predicted_model_label":3,"proba_base":0.22,"proba_large":0.26,"proba_xl":0.52}
{"id":"itwgpt4/5053","predicted_model_label":3,"proba_base":0.27361504331290937,"proba_large":0.26,"proba_xl":0.4663849566870907}
{"id":"itwgpt4/50183","predicted_model_label":3,"proba_base":0.38,"proba_large":0.11,"proba_xl":0.51}
{"id":"itwgpt4/9448","predicted_model_label":3,"proba_base":0.265,"proba_large":0.2,"proba_xl":0.535}
{"id":"unified_chip2/83544","predicted_model_label":3,"proba_base":0.005,"proba_large":0.025,"proba_xl":0.97}
{"id":"unified_chip2/115853","predicted_model_label":1,"proba_base":0.5036150433129094,"proba_large":0.0686690645723216,"proba_xl":0.42771589211476907}
{"id":"unified_chip2/24420","predicted_model_label":3,"proba_base":0.09023671530392002,"proba_large":0.17075748653640432,"proba_xl":0.7390057981596756}
{"id":"unified_chip2/40506","predicted_model_label":3,"proba_base":0.015,"proba_large":0.1026581855089801,"proba_xl":0.88234181449102}
{"id":"unified_chip2/10006","predicted_model_label":3,"proba_base":0.06,"proba_large":0.095,"proba_xl":0.845}
{"id":"unified_chip2/87828","predicted_model_label":3,"proba_base":0.18,"proba_large":0.025,"proba_xl":0.795}
{"id":"unified_chip2/79983","predicted_model_label":3,"proba_base":0.025,"proba_large":0.16892909810912557,"proba_xl":0.8060709018908745}
{"id":"dolly_15k/classification/2053","predicted_model_label":1,"proba_base":0.52,"proba_large":0.23,"proba_xl":0.25}
{"id":"itwgpt4/24227","predicted_model_label":3,"proba_base":0.2845629708647243,"proba_large":0.275,"proba_xl":0.44043702913527566}
{"id":"unified_chip2/154854","predicted_model_label":2,"proba_base":0.035,"proba_large":0.6782140509063587,"proba_xl":0.2867859490936414}
{"id":"unified_chip2/75123","predicted_model_label":1,"proba_base":0.4978722352741773,"proba_large":0.065,"proba_xl":0.43712776472582265}
{"id":"itwgpt4/30794","predicted_model_label":3,"proba_base":0.365,"proba_large":0.235,"proba_xl":0.4}
{"id":"unified_chip2/82132","predicted_model_label":3,"proba_base":0.0,"proba_large":0.0,"proba_xl":1.0}
{"id":"unified_chip2/121899","predicted_model_label":1,"proba_base":0.8936150433129094,"proba_large":0.024218615163344975,"proba_xl":0.08216634152374568}
{"id":"unified_chip2/94367","predicted_model_label":3,"proba_base":0.17,"proba_large":0.275,"proba_xl":0.555}
{"id":"unified_chip2/25371","predicted_model_label":3,"proba_base":0.05,"proba_large":0.003214050906358599,"proba_xl":0.9467859490936413}
{"id":"dolly_15k/brainstorming/629","predicted_model_label":3,"proba_base":0.27,"proba_large":0.255,"proba_xl":0.475}
{"id":"unified_chip2/42541","predicted_model_label":3,"proba_base":0.050629047325012576,"proba_large":0.17945658442054596,"proba_xl":0.7699143682544416}
{"id":"itwgpt4/2061","predicted_model_label":1,"proba_base":0.415,"proba_large":0.2,"proba_xl":0.385}
{"id":"laion/unified_chip2/4290","predicted_model_label":3,"proba_base":0.36515721531789763,"proba_large":0.1382140509063586,"proba_xl":0.4966287337757438}
{"id":"unified_chip2/22119","predicted_model_label":3,"proba_base":0.20553346985844642,"proba_large":0.21091248013877795,"proba_xl":0.5835540500027756}
{"id":"unified_chip2/108190","predicted_model_label":3,"proba_base":0.14662953123660982,"proba_large":0.2570189157034712,"proba_xl":0.596351553059919}
{"id":"unified_chip2/17266","predicted_model_label":3,"proba_base":0.04,"proba_large":0.039218615163344975,"proba_xl":0.920781384836655}
{"id":"itwgpt4/35382","predicted_model_label":3,"proba_base":0.3286150433129093,"proba_large":0.255,"proba_xl":0.4163849566870907}
{"id":"itwgpt4/15796","predicted_model_label":3,"proba_base":0.155,"proba_large":0.335,"proba_xl":0.51}
{"id":"unified_chip2/129022","predicted_model_label":3,"proba_base":0.105,"proba_large":0.145,"proba_xl":0.75}
{"id":"unified_chip2/25171","predicted_model_label":1,"proba_base":0.69,"proba_large":0.05,"proba_xl":0.26}
{"id":"itwgpt4/42785","predicted_model_label":1,"proba_base":0.4,"proba_large":0.2,"proba_xl":0.4}
{"id":"itwgpt4/34355","predicted_model_label":3,"proba_base":0.2710098800095647,"proba_large":0.05140812064167724,"proba_xl":0.677581999348758}
{"id":"unified_chip2/24749","predicted_model_label":1,"proba_base":0.69,"proba_large":0.18,"proba_xl":0.13}
{"id":"unified_chip2/11352","predicted_model_label":3,"proba_base":0.21419619865113426,"proba_large":0.08364844694008103,"proba_xl":0.7021553544087847}
{"id":"unified_chip2/35481","predicted_model_label":3,"proba_base":0.11172183271562423,"proba_large":0.32247436593551,"proba_xl":0.5658038013488657}
{"id":"unified_chip2/69495","predicted_model_label":3,"proba_base":0.0870271053354493,"proba_large":0.137867062103426,"proba_xl":0.7751058325611249}
{"id":"itwgpt4/21266","predicted_model_label":1,"proba_base":0.485,"proba_large":0.24,"proba_xl":0.275}
