{"id":"unified_chip2/5381","predicted_model_label":3,"proba_base":0.0540373265421829,"proba_large":0.27299634869579575,"proba_xl":0.6729663247620213}
{"id":"unified_chip2/10189","predicted_model_label":3,"proba_base":0.035,"proba_large":0.2,"proba_xl":0.765}
{"id":"unified_chip2/126674","predicted_model_label":3,"proba_base":0.11,"proba_large":0.075,"proba_xl":0.815}
{"id":"unified_chip2/18558","predicted_model_label":3,"proba_base":0.08932451660336675,"proba_large":0.050675483396633254,"proba_xl":0.86}
{"id":"unified_chip2/163004","predicted_model_label":3,"proba_base":0.06849857065017258,"proba_large":0.07629036903100755,"proba_xl":0.8552110603188199}
{"id":"unified_chip2/780","predicted_model_label":3,"proba_base":0.25,"proba_large":0.18873191518608887,"proba_xl":0.5612680848139111}
{"id":"unified_chip2/71022","predicted_model_label":3,"proba_base":0.025,"proba_large":0.06373191518608887,"proba_xl":0.9112680848139111}
{"id":"itwgpt4/49673","predicted_model_label":3,"proba_base":0.2381080488831801,"proba_large":0.22,"proba_xl":0.5418919511168199}
{"id":"unified_chip2/65111","predicted_model_label":3,"proba_base":0.01,"proba_large":0.025,"proba_xl":0.965}
{"id":"unified_chip2/54424","predicted_model_label":3,"proba_base":0.08151520173949679,"proba_large":0.18315104810355082,"proba_xl":0.7353337501569525}
{"id":"unified_chip2/131578","predicted_model_label":3,"proba_base":0.11137697348289716,"proba_large":0.2952303998458455,"proba_xl":0.5933926266712573}
{"id":"unified_chip2/128055","predicted_model_label":3,"proba_base":0.1066352911331222,"proba_large":0.21534582975039232,"proba_xl":0.6780188791164855}
{"id":"itwgpt4/28735","predicted_model_label":1,"proba_base":0.45,"proba_large":0.1842738793340942,"proba_xl":0.3657261206659058}
{"id":"unified_chip2/152921","predicted_model_label":3,"proba_base":0.330256777415876,"proba_large":0.18659358412185553,"proba_xl":0.4831496384622684}
{"id":"itwgpt4/2843","predicted_model_label":3,"proba_base":0.14010724528746443,"proba_large":0.20266918723534366,"proba_xl":0.6572235674771919}
{"id":"unified_chip2/65272","predicted_model_label":1,"proba_base":0.675,"proba_large":0.05,"proba_xl":0.275}
{"id":"unified_chip2/80521","predicted_model_label":3,"proba_base":0.07771998463413479,"proba_large":0.39761620643143475,"proba_xl":0.5246638089344305}
{"id":"unified_chip2/47365","predicted_model_label":3,"proba_base":0.065,"proba_large":0.06,"proba_xl":0.875}
{"id":"unified_chip2/137974","predicted_model_label":3,"proba_base":0.0961628372911141,"proba_large":0.1994090419642437,"proba_xl":0.704428120744642}
{"id":"unified_chip2/162524","predicted_model_label":3,"proba_base":0.046376973482897176,"proba_large":0.295625579584252,"proba_xl":0.6579974469328508}
{"id":"unified_chip2/136339","predicted_model_label":1,"proba_base":0.5673707217680328,"proba_large":0.07968575163993903,"proba_xl":0.352943526592028}
{"id":"unified_chip2/145946","predicted_model_label":3,"proba_base":0.15108345277185095,"proba_large":0.3143591856267536,"proba_xl":0.5345573616013956}
{"id":"dolly_15k/open_qa/1183","predicted_model_label":3,"proba_base":0.1625831291564578,"proba_large":0.2974168708435422,"proba_xl":0.54}
{"id":"unified_chip2/5028","predicted_model_label":3,"proba_base":0.035,"proba_large":0.145,"proba_xl":0.82}
{"id":"unified_chip2/40983","predicted_model_label":2,"proba_base":0.07,"proba_large":0.5101197679840498,"proba_xl":0.41988023201594993}
{"id":"itwgpt4/48487","predicted_model_label":1,"proba_base":0.395,"proba_large":0.215,"proba_xl":0.39}
{"id":"unified_chip2/110394","predicted_model_label":3,"proba_base":0.12879384432643934,"proba_large":0.07315637378321335,"proba_xl":0.7980497818903474}
{"id":"itwgpt4/14728","predicted_model_label":3,"proba_base":0.3287938443264393,"proba_large":0.145,"proba_xl":0.5262061556735607}
{"id":"unified_chip2/101370","predicted_model_label":1,"proba_base":0.6787938443264394,"proba_large":0.065,"proba_xl":0.25620615567356064}
{"id":"unified_chip2/93523","predicted_model_label":3,"proba_base":0.008793844326439352,"proba_large":0.01,"proba_xl":0.9812061556735605}
{"id":"unified_chip2/43006","predicted_model_label":3,"proba_base":0.10137324251350023,"proba_large":0.09825861255309107,"proba_xl":0.8003681449334087}
{"id":"unified_chip2/7431","predicted_model_label":3,"proba_base":0.18582794710146489,"proba_large":0.06602241443626665,"proba_xl":0.7481496384622685}
{"id":"itwgpt4/41218","predicted_model_label":3,"proba_base":0.215,"proba_large":0.265,"proba_xl":0.52}
{"id":"unified_chip2/67592","predicted_model_label":3,"proba_base":0.2575876886528787,"proba_large":0.25198838271655183,"proba_xl":0.4904239286305694}
{"id":"itwgpt4/23961","predicted_model_label":3,"proba_base":0.33,"proba_large":0.3237319151860889,"proba_xl":0.3462680848139111}
{"id":"dolly_15k/open_qa/115","predicted_model_label":3,"proba_base":0.26651520173949683,"proba_large":0.22,"proba_xl":0.5134847982605032}
{"id":"itwgpt4/4480","predicted_model_label":1,"proba_base":0.49452089867058924,"proba_large":0.175,"proba_xl":0.33047910132941083}
{"id":"itwgpt4/6395","predicted_model_label":1,"proba_base":0.44,"proba_large":0.135,"proba_xl":0.425}
{"id":"itwgpt4/32665","predicted_model_label":1,"proba_base":0.415,"proba_large":0.275,"proba_xl":0.31}
{"id":"itwgpt4/2984","predicted_model_label":3,"proba_base":0.185,"proba_large":0.375,"proba_xl":0.44}
{"id":"unified_chip2/74026","predicted_model_label":3,"proba_base":0.10098954503460231,"proba_large":0.0640104549653977,"proba_xl":0.835}
{"id":"unified_chip2/156521","predicted_model_label":3,"proba_base":0.01,"proba_large":0.015,"proba_xl":0.975}
{"id":"unified_chip2/112359","predicted_model_label":3,"proba_base":0.005,"proba_large":0.04373191518608887,"proba_xl":0.9512680848139111}
{"id":"unified_chip2/24123","predicted_model_label":1,"proba_base":0.4963134009610251,"proba_large":0.08741851422506378,"proba_xl":0.4162680848139111}
{"id":"unified_chip2/128489","predicted_model_label":3,"proba_base":0.16,"proba_large":0.225,"proba_xl":0.615}
{"id":"unified_chip2/109084","predicted_model_label":3,"proba_base":0.31879384432643937,"proba_large":0.185,"proba_xl":0.4962061556735607}
{"id":"unified_chip2/139244","predicted_model_label":3,"proba_base":0.20879384432643935,"proba_large":0.17,"proba_xl":0.6212061556735606}
{"id":"unified_chip2/80404","predicted_model_label":3,"proba_base":0.16,"proba_large":0.05873191518608887,"proba_xl":0.7812680848139111}
{"id":"unified_chip2/138153","predicted_model_label":3,"proba_base":0.07,"proba_large":0.07173770970627195,"proba_xl":0.858262290293728}
{"id":"unified_chip2/99511","predicted_model_label":3,"proba_base":0.38906816521641807,"proba_large":0.053731915186088865,"proba_xl":0.557199919597493}
{"id":"unified_chip2/13594","predicted_model_label":3,"proba_base":0.05598954503460229,"proba_large":0.20496429141924785,"proba_xl":0.7390461635461498}
{"id":"unified_chip2/153853","predicted_model_label":3,"proba_base":0.205,"proba_large":0.145,"proba_xl":0.65}
{"id":"unified_chip2/104051","predicted_model_label":3,"proba_base":0.04,"proba_large":0.013005794520183087,"proba_xl":0.9469942054798168}
{"id":"unified_chip2/116318","predicted_model_label":3,"proba_base":0.3337938443264393,"proba_large":0.105,"proba_xl":0.5612061556735606}
{"id":"itwgpt4/9037","predicted_model_label":3,"proba_base":0.305,"proba_large":0.275,"proba_xl":0.42}
{"id":"unified_chip2/60122","predicted_model_label":1,"proba_base":0.45516625831291563,"proba_large":0.3798337416870844,"proba_xl":0.165}
{"id":"itwgpt4/20169","predicted_model_label":1,"proba_base":0.46879384432643934,"proba_large":0.18873191518608887,"proba_xl":0.34247424048747177}
{"id":"itwgpt4/23274","predicted_model_label":3,"proba_base":0.21255915068105766,"proba_large":0.215,"proba_xl":0.5724408493189423}
{"id":"unified_chip2/14587","predicted_model_label":3,"proba_base":0.055,"proba_large":0.19593419873977003,"proba_xl":0.74906580126023}
{"id":"itwgpt4/33386","predicted_model_label":3,"proba_base":0.16,"proba_large":0.14,"proba_xl":0.7}
{"id":"unified_chip2/112931","predicted_model_label":3,"proba_base":0.03,"proba_large":0.05204384906635359,"proba_xl":0.9179561509336465}
{"id":"unified_chip2/2699","predicted_model_label":3,"proba_base":0.07,"proba_large":0.10827619480638673,"proba_xl":0.8217238051936131}
{"id":"itwgpt4/10241","predicted_model_label":1,"proba_base":0.41307927677329626,"proba_large":0.23192072322670376,"proba_xl":0.355}
{"id":"unified_chip2/27979","predicted_model_label":3,"proba_base":0.11185036153773155,"proba_large":0.37879116984543093,"proba_xl":0.5093584686168375}
{"id":"unified_chip2/13088","predicted_model_label":1,"proba_base":0.5075591506810576,"proba_large":0.22,"proba_xl":0.27244084931894236}
{"id":"dolly_15k/brainstorming/935","predicted_model_label":3,"proba_base":0.13379384432643934,"proba_large":0.195,"proba_xl":0.6712061556735607}
{"id":"unified_chip2/97736","predicted_model_label":3,"proba_base":0.15062760551776586,"proba_large":0.24868659903897491,"proba_xl":0.6006857954432593}
{"id":"unified_chip2/68759","predicted_model_label":3,"proba_base":0.2194610438906771,"proba_large":0.095,"proba_xl":0.6855389561093229}
{"id":"unified_chip2/131044","predicted_model_label":3,"proba_base":0.005,"proba_large":0.06639326105504896,"proba_xl":0.928606738944951}
{"id":"unified_chip2/87861","predicted_model_label":3,"proba_base":0.403210080947464,"proba_large":0.11350940408479834,"proba_xl":0.4832805149677376}
{"id":"unified_chip2/42176","predicted_model_label":3,"proba_base":0.027583129156457824,"proba_large":0.09741687084354218,"proba_xl":0.875}
{"id":"itwgpt4/2548","predicted_model_label":3,"proba_base":0.25952089867058925,"proba_large":0.2622838545500431,"proba_xl":0.4781952467793677}
{"id":"itwgpt4/26208","predicted_model_label":1,"proba_base":0.54,"proba_large":0.17,"proba_xl":0.29}
{"id":"unified_chip2/12774","predicted_model_label":3,"proba_base":0.0,"proba_large":0.015,"proba_xl":0.985}
{"id":"unified_chip2/36737","predicted_model_label":3,"proba_base":0.09237072176803293,"proba_large":0.035,"proba_xl":0.8726292782319672}
{"id":"unified_chip2/139598","predicted_model_label":3,"proba_base":0.115,"proba_large":0.065,"proba_xl":0.82}
{"id":"unified_chip2/157108","predicted_model_label":3,"proba_base":0.11674138744690893,"proba_large":0.2012644070732742,"proba_xl":0.681994205479817}
{"id":"unified_chip2/6812","predicted_model_label":2,"proba_base":0.05,"proba_large":0.7429769182269251,"proba_xl":0.20702308177307494}
{"id":"itwgpt4/25006","predicted_model_label":3,"proba_base":0.185,"proba_large":0.225,"proba_xl":0.59}
{"id":"unified_chip2/35175","predicted_model_label":3,"proba_base":0.08,"proba_large":0.025,"proba_xl":0.895}
{"id":"dolly_15k/general_qa/885","predicted_model_label":3,"proba_base":0.25755915068105767,"proba_large":0.2,"proba_xl":0.5424408493189423}
{"id":"unified_chip2/84907","predicted_model_label":3,"proba_base":0.17674138744690893,"proba_large":0.1568524449766618,"proba_xl":0.6664061675764291}
{"id":"unified_chip2/103136","predicted_model_label":3,"proba_base":0.41729870463153346,"proba_large":0.08725061253062652,"proba_xl":0.4954506828378399}
{"id":"unified_chip2/18378","predicted_model_label":3,"proba_base":0.008793844326439352,"proba_large":0.17295082523225958,"proba_xl":0.8182553304413012}
{"id":"unified_chip2/100070","predicted_model_label":1,"proba_base":0.7737938443264395,"proba_large":0.042463830372177734,"proba_xl":0.1837423253013829}
{"id":"unified_chip2/86951","predicted_model_label":3,"proba_base":0.14442144984420519,"proba_large":0.15093739659999422,"proba_xl":0.7046411535558006}
{"id":"unified_chip2/46998","predicted_model_label":2,"proba_base":0.01,"proba_large":0.97,"proba_xl":0.02}
{"id":"unified_chip2/154212","predicted_model_label":3,"proba_base":0.2713769734828972,"proba_large":0.31572880472380693,"proba_xl":0.412894221793296}
{"id":"unified_chip2/32995","predicted_model_label":3,"proba_base":0.09305651721129218,"proba_large":0.075,"proba_xl":0.8319434827887078}
{"id":"unified_chip2/145692","predicted_model_label":3,"proba_base":0.028793844326439354,"proba_large":0.16246383037217776,"proba_xl":0.8087423253013829}
{"id":"unified_chip2/77946","predicted_model_label":2,"proba_base":0.015,"proba_large":0.97,"proba_xl":0.015}
{"id":"unified_chip2/124668","predicted_model_label":3,"proba_base":0.028896530117482916,"proba_large":0.3278411795887891,"proba_xl":0.6432622902937282}
{"id":"unified_chip2/118564","predicted_model_label":3,"proba_base":0.09919601071789941,"proba_large":0.1986381709482356,"proba_xl":0.702165818333865}
{"id":"dolly_15k/brainstorming/638","predicted_model_label":3,"proba_base":0.075,"proba_large":0.125,"proba_xl":0.8}
{"id":"unified_chip2/118104","predicted_model_label":2,"proba_base":0.07543039066021161,"proba_large":0.5704110441904964,"proba_xl":0.354158565149292}
{"id":"itwgpt4/22053","predicted_model_label":3,"proba_base":0.24431420455674074,"proba_large":0.23,"proba_xl":0.5256857954432593}
{"id":"unified_chip2/128380","predicted_model_label":2,"proba_base":0.009329076099787623,"proba_large":0.8055094101141103,"proba_xl":0.185161513786102}
{"id":"dolly_15k/brainstorming/1095","predicted_model_label":3,"proba_base":0.22,"proba_large":0.09,"proba_xl":0.69}
{"id":"unified_chip2/139421","predicted_model_label":3,"proba_base":0.4156553410107547,"proba_large":0.12298522772855675,"proba_xl":0.4613594312606885}
{"id":"unified_chip2/137793","predicted_model_label":3,"proba_base":0.07605559200364967,"proba_large":0.2144543581113577,"proba_xl":0.7094900498849926}
{"id":"unified_chip2/36180","predicted_model_label":3,"proba_base":0.02674138744690892,"proba_large":0.17863919416921079,"proba_xl":0.7946194183838802}
{"id":"unified_chip2/135585","predicted_model_label":3,"proba_base":0.02,"proba_large":0.03,"proba_xl":0.95}
{"id":"unified_chip2/127598","predicted_model_label":3,"proba_base":0.17431420455674076,"proba_large":0.185,"proba_xl":0.6406857954432593}
{"id":"unified_chip2/96990","predicted_model_label":3,"proba_base":0.07262894755376932,"proba_large":0.053731915186088865,"proba_xl":0.8736391372601419}
{"id":"sharegpt/yaOAhIw_0","predicted_model_label":3,"proba_base":0.01,"proba_large":0.49323834934147476,"proba_xl":0.49676165065852523}
{"id":"unified_chip2/94464","predicted_model_label":3,"proba_base":0.0601753773057574,"proba_large":0.07670883341301395,"proba_xl":0.8631157892812289}
{"id":"unified_chip2/64041","predicted_model_label":2,"proba_base":0.0584817544270549,"proba_large":0.6919337492485204,"proba_xl":0.2495844963244247}
{"id":"unified_chip2/27022","predicted_model_label":3,"proba_base":0.023056517211292184,"proba_large":0.165,"proba_xl":0.8119434827887079}
{"id":"unified_chip2/103644","predicted_model_label":3,"proba_base":0.11,"proba_large":0.04873191518608887,"proba_xl":0.8412680848139112}
{"id":"unified_chip2/87925","predicted_model_label":3,"proba_base":0.11174138744690892,"proba_large":0.29011116889147964,"proba_xl":0.5981474436616114}
{"id":"unified_chip2/11734","predicted_model_label":3,"proba_base":0.035,"proba_large":0.14546962489236082,"proba_xl":0.8195303751076392}
{"id":"unified_chip2/152459","predicted_model_label":3,"proba_base":0.07138153297931804,"proba_large":0.08479683981487465,"proba_xl":0.8438216272058072}
{"id":"unified_chip2/37025","predicted_model_label":3,"proba_base":0.075,"proba_large":0.10898455272620533,"proba_xl":0.8160154472737946}
{"id":"sharegpt/5D4TSCc_0","predicted_model_label":3,"proba_base":0.2551183013621153,"proba_large":0.1625408223253892,"proba_xl":0.5823408763124955}
{"id":"unified_chip2/37560","predicted_model_label":3,"proba_base":0.02674138744690892,"proba_large":0.07356127838967573,"proba_xl":0.8996973341634154}
{"id":"unified_chip2/96653","predicted_model_label":3,"proba_base":0.465,"proba_large":0.06,"proba_xl":0.475}
{"id":"unified_chip2/164107","predicted_model_label":3,"proba_base":0.3952420602820846,"proba_large":0.105,"proba_xl":0.4997579397179154}
{"id":"unified_chip2/67381","predicted_model_label":3,"proba_base":0.2687938443264393,"proba_large":0.27797691822692505,"proba_xl":0.4532292374466356}
{"id":"unified_chip2/97742","predicted_model_label":1,"proba_base":0.44929904875864407,"proba_large":0.12499556904378466,"proba_xl":0.42570538219757126}
{"id":"itwgpt4/27670","predicted_model_label":1,"proba_base":0.365,"proba_large":0.275,"proba_xl":0.36}
{"id":"unified_chip2/69043","predicted_model_label":1,"proba_base":0.72,"proba_large":0.11,"proba_xl":0.17}
{"id":"itwgpt4/40533","predicted_model_label":3,"proba_base":0.22,"proba_large":0.36,"proba_xl":0.42}
{"id":"unified_chip2/28142","predicted_model_label":1,"proba_base":0.570184365078847,"proba_large":0.015,"proba_xl":0.41481563492115336}
{"id":"unified_chip2/18697","predicted_model_label":3,"proba_base":0.13098954503460228,"proba_large":0.12445120356450054,"proba_xl":0.7445592514008973}
{"id":"itwgpt4/9196","predicted_model_label":3,"proba_base":0.29,"proba_large":0.14373191518608888,"proba_xl":0.5662680848139111}
{"id":"unified_chip2/72948","predicted_model_label":3,"proba_base":0.34879384432643934,"proba_large":0.04,"proba_xl":0.6112061556735607}
{"id":"itwgpt4/11906","predicted_model_label":3,"proba_base":0.365,"proba_large":0.175,"proba_xl":0.46}
{"id":"itwgpt4/7561","predicted_model_label":1,"proba_base":0.455,"proba_large":0.265,"proba_xl":0.28}
{"id":"sharegpt/Caxpnd3_0","predicted_model_label":1,"proba_base":0.465,"proba_large":0.2311959236331887,"proba_xl":0.3038040763668113}
{"id":"sharegpt/oDoLdHY_39","predicted_model_label":3,"proba_base":0.355,"proba_large":0.225,"proba_xl":0.42}
{"id":"unified_chip2/88981","predicted_model_label":3,"proba_base":0.2451183013621153,"proba_large":0.18173770970627195,"proba_xl":0.5731439889316128}
{"id":"unified_chip2/99808","predicted_model_label":3,"proba_base":0.05,"proba_large":0.171207917830928,"proba_xl":0.778792082169072}
{"id":"dolly_15k/general_qa/1290","predicted_model_label":2,"proba_base":0.06805651721129218,"proba_large":0.737476002644839,"proba_xl":0.19446748014386867}
{"id":"dolly_15k/general_qa/775","predicted_model_label":1,"proba_base":0.46340641587814446,"proba_large":0.28159358412185553,"proba_xl":0.255}
{"id":"unified_chip2/139291","predicted_model_label":3,"proba_base":0.07,"proba_large":0.12873191518608887,"proba_xl":0.8012680848139111}
{"id":"dolly_15k/open_qa/2621","predicted_model_label":3,"proba_base":0.0,"proba_large":0.003731915186088869,"proba_xl":0.996268084813911}
{"id":"unified_chip2/20153","predicted_model_label":3,"proba_base":0.0931080488831801,"proba_large":0.437082336432417,"proba_xl":0.46980961468440285}
{"id":"unified_chip2/62096","predicted_model_label":3,"proba_base":0.1314237712331089,"proba_large":0.2938443816828748,"proba_xl":0.5747318470840164}
{"id":"unified_chip2/150906","predicted_model_label":3,"proba_base":0.035,"proba_large":0.028005794520183085,"proba_xl":0.9369942054798169}
{"id":"unified_chip2/3354","predicted_model_label":1,"proba_base":0.69,"proba_large":0.09331193388026472,"proba_xl":0.21668806611973526}
{"id":"dolly_15k/brainstorming/840","predicted_model_label":3,"proba_base":0.0980565172112922,"proba_large":0.115,"proba_xl":0.786943482788708}
{"id":"unified_chip2/47688","predicted_model_label":3,"proba_base":0.1610132230902559,"proba_large":0.276636293644741,"proba_xl":0.5623504832650031}
{"id":"unified_chip2/77631","predicted_model_label":3,"proba_base":0.11737072176803293,"proba_large":0.0934176668260279,"proba_xl":0.7892116114059392}
{"id":"unified_chip2/58683","predicted_model_label":3,"proba_base":0.04258312915645782,"proba_large":0.04741687084354217,"proba_xl":0.91}
{"id":"unified_chip2/155454","predicted_model_label":3,"proba_base":0.09561913327630583,"proba_large":0.36845871539194724,"proba_xl":0.5359221513317469}
{"id":"unified_chip2/81662","predicted_model_label":2,"proba_base":0.008637414870743538,"proba_large":0.8873452978763647,"proba_xl":0.10401728725289182}
{"id":"unified_chip2/129602","predicted_model_label":3,"proba_base":0.06379384432643935,"proba_large":0.065,"proba_xl":0.8712061556735606}
{"id":"itwgpt4/25094","predicted_model_label":1,"proba_base":0.44,"proba_large":0.26,"proba_xl":0.3}
{"id":"unified_chip2/127291","predicted_model_label":3,"proba_base":0.035,"proba_large":0.24465446095021395,"proba_xl":0.720345539049786}
{"id":"unified_chip2/674","predicted_model_label":3,"proba_base":0.07379384432643935,"proba_large":0.05719063057803618,"proba_xl":0.8690155250955245}
{"id":"unified_chip2/48411","predicted_model_label":2,"proba_base":0.365,"proba_large":0.44,"proba_xl":0.195}
{"id":"dolly_15k/classification/705","predicted_model_label":1,"proba_base":0.555,"proba_large":0.095,"proba_xl":0.35}
{"id":"unified_chip2/140194","predicted_model_label":3,"proba_base":0.055,"proba_large":0.23427387933409421,"proba_xl":0.7107261206659058}
{"id":"unified_chip2/58216","predicted_model_label":1,"proba_base":0.3731255318075584,"proba_large":0.2561886727491823,"proba_xl":0.3706857954432593}
{"id":"itwgpt4/21811","predicted_model_label":1,"proba_base":0.45,"proba_large":0.335,"proba_xl":0.215}
{"id":"unified_chip2/120563","predicted_model_label":1,"proba_base":0.7047007515728845,"proba_large":0.025,"proba_xl":0.2702992484271155}
{"id":"unified_chip2/13476","predicted_model_label":3,"proba_base":0.08272000208738405,"proba_large":0.16894146824260795,"proba_xl":0.7483385296700081}
{"id":"itwgpt4/24504","predicted_model_label":3,"proba_base":0.3696318550665913,"proba_large":0.185,"proba_xl":0.4453681449334087}
{"id":"unified_chip2/60952","predicted_model_label":3,"proba_base":0.04,"proba_large":0.4103052270364405,"proba_xl":0.5496947729635595}
{"id":"unified_chip2/19496","predicted_model_label":3,"proba_base":0.08,"proba_large":0.09,"proba_xl":0.83}
{"id":"dolly_15k/open_qa/1423","predicted_model_label":3,"proba_base":0.0,"proba_large":0.025,"proba_xl":0.975}
{"id":"unified_chip2/30164","predicted_model_label":3,"proba_base":0.14570845846512837,"proba_large":0.1933483855254111,"proba_xl":0.6609431560094606}
{"id":"unified_chip2/20290","predicted_model_label":3,"proba_base":0.03431420455674076,"proba_large":0.08373191518608887,"proba_xl":0.8819538802571705}
{"id":"sharegpt/QFVxKHe_0","predicted_model_label":3,"proba_base":0.23758312915645782,"proba_large":0.2674168708435422,"proba_xl":0.495}
{"id":"unified_chip2/116150","predicted_model_label":3,"proba_base":0.1330565172112922,"proba_large":0.15401566256579557,"proba_xl":0.7129278202229123}
{"id":"unified_chip2/48181","predicted_model_label":3,"proba_base":0.0,"proba_large":0.0,"proba_xl":1.0}
{"id":"unified_chip2/48123","predicted_model_label":3,"proba_base":0.0,"proba_large":0.17747600264483915,"proba_xl":0.8225239973551609}
{"id":"unified_chip2/163498","predicted_model_label":3,"proba_base":0.03674138744690892,"proba_large":0.2142124490069412,"proba_xl":0.7490461635461497}
{"id":"unified_chip2/137595","predicted_model_label":3,"proba_base":0.19338550028837312,"proba_large":0.03,"proba_xl":0.776614499711627}
{"id":"unified_chip2/70531","predicted_model_label":3,"proba_base":0.1372206035157031,"proba_large":0.04,"proba_xl":0.8227793964842971}
{"id":"unified_chip2/17835","predicted_model_label":1,"proba_base":0.5150590940459164,"proba_large":0.06,"proba_xl":0.42494090595408357}
{"id":"unified_chip2/53187","predicted_model_label":3,"proba_base":0.10931420455674075,"proba_large":0.1671906305780362,"proba_xl":0.7234951648652231}
{"id":"sharegpt/mWsFRK3_94","predicted_model_label":3,"proba_base":0.17255915068105765,"proba_large":0.3737319151860889,"proba_xl":0.45370893413285346}
{"id":"unified_chip2/21601","predicted_model_label":3,"proba_base":0.04258312915645782,"proba_large":0.07833615389587456,"proba_xl":0.8790807169476677}
{"id":"unified_chip2/120732","predicted_model_label":3,"proba_base":0.045,"proba_large":0.1685205312511454,"proba_xl":0.7864794687488544}
{"id":"unified_chip2/127592","predicted_model_label":3,"proba_base":0.015,"proba_large":0.03185255633838858,"proba_xl":0.9531474436616114}
{"id":"dolly_15k/open_qa/3484","predicted_model_label":3,"proba_base":0.13,"proba_large":0.1,"proba_xl":0.77}
{"id":"unified_chip2/148533","predicted_model_label":3,"proba_base":0.06,"proba_large":0.29297691822692506,"proba_xl":0.6470230817730749}
{"id":"unified_chip2/859","predicted_model_label":3,"proba_base":0.15932548598222135,"proba_large":0.16567451401777866,"proba_xl":0.675}
{"id":"unified_chip2/91765","predicted_model_label":3,"proba_base":0.0672092709484727,"proba_large":0.04,"proba_xl":0.8927907290515275}
{"id":"unified_chip2/86760","predicted_model_label":3,"proba_base":0.13,"proba_large":0.351207917830928,"proba_xl":0.518792082169072}
{"id":"unified_chip2/63418","predicted_model_label":3,"proba_base":0.17,"proba_large":0.05,"proba_xl":0.78}
{"id":"unified_chip2/115443","predicted_model_label":3,"proba_base":0.18,"proba_large":0.09644641856854648,"proba_xl":0.7235535814314537}
{"id":"unified_chip2/151342","predicted_model_label":3,"proba_base":0.18927242343868897,"proba_large":0.09373191518608888,"proba_xl":0.7169956613752221}
{"id":"unified_chip2/164405","predicted_model_label":2,"proba_base":0.07074689165521447,"proba_large":0.482812303295531,"proba_xl":0.44644080504925454}
{"id":"dolly_15k/general_qa/646","predicted_model_label":3,"proba_base":0.365,"proba_large":0.18873191518608887,"proba_xl":0.44626808481391117}
{"id":"unified_chip2/102323","predicted_model_label":3,"proba_base":0.14564420586417087,"proba_large":0.11985197644699629,"proba_xl":0.7345038176888329}
{"id":"unified_chip2/77245","predicted_model_label":2,"proba_base":0.02431420455674076,"proba_large":0.6861355785752835,"proba_xl":0.2895502168679757}
{"id":"unified_chip2/7911","predicted_model_label":3,"proba_base":0.2175831291564578,"proba_large":0.09241687084354218,"proba_xl":0.69}
{"id":"dolly_15k/brainstorming/1360","predicted_model_label":3,"proba_base":0.33879384432643933,"proba_large":0.16711938172095472,"proba_xl":0.494086773952606}
{"id":"unified_chip2/13932","predicted_model_label":3,"proba_base":0.028811327250817698,"proba_large":0.23492058793527118,"proba_xl":0.736268084813911}
{"id":"itwgpt4/22721","predicted_model_label":3,"proba_base":0.295,"proba_large":0.155,"proba_xl":0.55}
{"id":"unified_chip2/17037","predicted_model_label":3,"proba_base":0.19379384432643934,"proba_large":0.09,"proba_xl":0.7162061556735607}
{"id":"unified_chip2/29934","predicted_model_label":3,"proba_base":0.02875743917134393,"proba_large":0.05822320928427325,"proba_xl":0.9130193515443827}
{"id":"itwgpt4/33122","predicted_model_label":1,"proba_base":0.425,"proba_large":0.205,"proba_xl":0.37}
{"id":"unified_chip2/88467","predicted_model_label":3,"proba_base":0.01,"proba_large":0.37,"proba_xl":0.62}
{"id":"unified_chip2/111898","predicted_model_label":2,"proba_base":0.015,"proba_large":0.7744912940981844,"proba_xl":0.2105087059018156}
{"id":"dolly_15k/open_qa/463","predicted_model_label":3,"proba_base":0.22805651721129216,"proba_large":0.175,"proba_xl":0.5969434827887078}
{"id":"itwgpt4/30297","predicted_model_label":1,"proba_base":0.525,"proba_large":0.15,"proba_xl":0.325}
{"id":"unified_chip2/18747","predicted_model_label":3,"proba_base":0.015,"proba_large":0.005,"proba_xl":0.98}
{"id":"itwgpt4/50044","predicted_model_label":2,"proba_base":0.2,"proba_large":0.42247600264483914,"proba_xl":0.37752399735516085}
{"id":"unified_chip2/72722","predicted_model_label":3,"proba_base":0.04,"proba_large":0.02,"proba_xl":0.94}
{"id":"itwgpt4/23358","predicted_model_label":1,"proba_base":0.535,"proba_large":0.17,"proba_xl":0.295}
{"id":"unified_chip2/31404","predicted_model_label":1,"proba_base":0.5051983962831057,"proba_large":0.06747600264483915,"proba_xl":0.4273256010720551}
{"id":"itwgpt4/16932","predicted_model_label":2,"proba_base":0.245,"proba_large":0.38,"proba_xl":0.375}
{"id":"unified_chip2/44429","predicted_model_label":3,"proba_base":0.16578542022649168,"proba_large":0.21573185920605056,"proba_xl":0.6184827205674577}
{"id":"unified_chip2/109904","predicted_model_label":3,"proba_base":0.44014227983751547,"proba_large":0.032416870843542174,"proba_xl":0.5274408493189423}
{"id":"unified_chip2/142985","predicted_model_label":3,"proba_base":0.1524828301446995,"proba_large":0.15622290458374283,"proba_xl":0.6912942652715577}
{"id":"unified_chip2/17181","predicted_model_label":3,"proba_base":0.13,"proba_large":0.16471462793319705,"proba_xl":0.705285372066803}
{"id":"unified_chip2/50596","predicted_model_label":3,"proba_base":0.027587688652878705,"proba_large":0.47,"proba_xl":0.5024123113471213}
{"id":"unified_chip2/130221","predicted_model_label":3,"proba_base":0.24016625831291563,"proba_large":0.28983374168708437,"proba_xl":0.47}
{"id":"unified_chip2/150465","predicted_model_label":2,"proba_base":0.19979725483109984,"proba_large":0.7980059731473494,"proba_xl":0.002196772021550902}
{"id":"unified_chip2/125280","predicted_model_label":3,"proba_base":0.05069117803963793,"proba_large":0.1761820442758208,"proba_xl":0.7731267776845412}
{"id":"unified_chip2/87405","predicted_model_label":3,"proba_base":0.4589566307134298,"proba_large":0.055,"proba_xl":0.48604336928657005}
{"id":"itwgpt4/35507","predicted_model_label":3,"proba_base":0.34,"proba_large":0.11,"proba_xl":0.55}
{"id":"dolly_15k/classification/553","predicted_model_label":1,"proba_base":0.43,"proba_large":0.20670883341301394,"proba_xl":0.363291166586986}
{"id":"unified_chip2/49836","predicted_model_label":3,"proba_base":0.065,"proba_large":0.1947685257789515,"proba_xl":0.7402314742210484}
{"id":"unified_chip2/31851","predicted_model_label":2,"proba_base":0.20749240626811175,"proba_large":0.48960851298591074,"proba_xl":0.30289908074597754}
{"id":"unified_chip2/14024","predicted_model_label":3,"proba_base":0.15173075568200967,"proba_large":0.23594207046069937,"proba_xl":0.6123271738572911}
{"id":"unified_chip2/130656","predicted_model_label":3,"proba_base":0.005,"proba_large":0.17424665191705116,"proba_xl":0.8207533480829489}
{"id":"itwgpt4/20847","predicted_model_label":3,"proba_base":0.335,"proba_large":0.2,"proba_xl":0.465}
{"id":"unified_chip2/2286","predicted_model_label":3,"proba_base":0.12338550028837311,"proba_large":0.185,"proba_xl":0.6916144997116268}
{"id":"itwgpt4/44513","predicted_model_label":3,"proba_base":0.255,"proba_large":0.175,"proba_xl":0.57}
{"id":"sharegpt/VW7V5Me_0","predicted_model_label":1,"proba_base":0.5209948415091954,"proba_large":0.1386215346086063,"proba_xl":0.3403836238821984}
{"id":"unified_chip2/46781","predicted_model_label":3,"proba_base":0.298762566793977,"proba_large":0.1692232420648217,"proba_xl":0.5320141911412013}
{"id":"unified_chip2/4567","predicted_model_label":3,"proba_base":0.165,"proba_large":0.22895963097403324,"proba_xl":0.6060403690259668}
{"id":"unified_chip2/76590","predicted_model_label":1,"proba_base":0.5086284091134815,"proba_large":0.17,"proba_xl":0.3213715908865185}
{"id":"unified_chip2/7152","predicted_model_label":3,"proba_base":0.05,"proba_large":0.4037319151860889,"proba_xl":0.5462680848139111}
{"id":"itwgpt4/48894","predicted_model_label":3,"proba_base":0.245,"proba_large":0.16670883341301398,"proba_xl":0.5882911665869861}
{"id":"unified_chip2/155992","predicted_model_label":3,"proba_base":0.045,"proba_large":0.1413862515855634,"proba_xl":0.8136137484144365}
{"id":"unified_chip2/128161","predicted_model_label":3,"proba_base":0.045,"proba_large":0.19232893543929083,"proba_xl":0.7626710645607093}
{"id":"unified_chip2/81326","predicted_model_label":3,"proba_base":0.27269037444392225,"proba_large":0.1661034698825171,"proba_xl":0.5612061556735606}
{"id":"unified_chip2/161635","predicted_model_label":2,"proba_base":0.0,"proba_large":0.7612009017363995,"proba_xl":0.238799098263601}
{"id":"unified_chip2/156657","predicted_model_label":2,"proba_base":0.01,"proba_large":0.90045608617188,"proba_xl":0.08954391382812016}
{"id":"unified_chip2/116722","predicted_model_label":3,"proba_base":0.12463185506659132,"proba_large":0.21873191518608887,"proba_xl":0.6566362297473198}
{"id":"unified_chip2/30880","predicted_model_label":3,"proba_base":0.18931420455674075,"proba_large":0.26,"proba_xl":0.5506857954432592}
{"id":"unified_chip2/81859","predicted_model_label":3,"proba_base":0.09351148452741519,"proba_large":0.035,"proba_xl":0.8714885154725849}
{"id":"unified_chip2/62411","predicted_model_label":3,"proba_base":0.18,"proba_large":0.2092738793340942,"proba_xl":0.6107261206659058}
{"id":"unified_chip2/52485","predicted_model_label":3,"proba_base":0.1181080488831801,"proba_large":0.34,"proba_xl":0.5418919511168199}
{"id":"unified_chip2/163521","predicted_model_label":3,"proba_base":0.1541255841047526,"proba_large":0.17,"proba_xl":0.6758744158952473}
{"id":"unified_chip2/135042","predicted_model_label":3,"proba_base":0.04812553180755845,"proba_large":0.26709922431556804,"proba_xl":0.6847752438768737}
{"id":"unified_chip2/48365","predicted_model_label":3,"proba_base":0.045,"proba_large":0.1987651734322786,"proba_xl":0.7562348265677215}
{"id":"unified_chip2/9930","predicted_model_label":3,"proba_base":0.18321073467422366,"proba_large":0.11412964969445567,"proba_xl":0.7026596156313205}
{"id":"unified_chip2/86945","predicted_model_label":2,"proba_base":0.395,"proba_large":0.515,"proba_xl":0.09}
{"id":"unified_chip2/64695","predicted_model_label":3,"proba_base":0.005,"proba_large":0.02,"proba_xl":0.975}
{"id":"unified_chip2/32230","predicted_model_label":3,"proba_base":0.01,"proba_large":0.06,"proba_xl":0.93}
{"id":"unified_chip2/76726","predicted_model_label":3,"proba_base":0.05,"proba_large":0.075,"proba_xl":0.875}
{"id":"unified_chip2/66843","predicted_model_label":3,"proba_base":0.105,"proba_large":0.22746383037217777,"proba_xl":0.6675361696278221}
{"id":"unified_chip2/40540","predicted_model_label":2,"proba_base":0.025,"proba_large":0.77,"proba_xl":0.205}
{"id":"unified_chip2/70559","predicted_model_label":3,"proba_base":0.03,"proba_large":0.33997225328594055,"proba_xl":0.6300277467140595}
{"id":"dolly_15k/general_qa/1076","predicted_model_label":3,"proba_base":0.115,"proba_large":0.3287319151860889,"proba_xl":0.5562680848139112}
{"id":"itwgpt4/33840","predicted_model_label":3,"proba_base":0.315,"proba_large":0.335,"proba_xl":0.35}
{"id":"unified_chip2/115551","predicted_model_label":3,"proba_base":0.22773250018572516,"proba_large":0.25112621236990035,"proba_xl":0.5211412874443745}
{"id":"unified_chip2/22385","predicted_model_label":3,"proba_base":0.0881080488831801,"proba_large":0.25246383037217773,"proba_xl":0.6594281207446423}
{"id":"unified_chip2/63687","predicted_model_label":3,"proba_base":0.06,"proba_large":0.05,"proba_xl":0.89}
{"id":"unified_chip2/132457","predicted_model_label":3,"proba_base":0.018793844326439352,"proba_large":0.00927387933409422,"proba_xl":0.9719322763394664}
{"id":"unified_chip2/98852","predicted_model_label":3,"proba_base":0.17053523177334828,"proba_large":0.15325861255309106,"proba_xl":0.6762061556735607}
{"id":"unified_chip2/111263","predicted_model_label":1,"proba_base":0.52,"proba_large":0.09,"proba_xl":0.39}
{"id":"unified_chip2/36497","predicted_model_label":3,"proba_base":0.02516625831291565,"proba_large":0.1761257871932308,"proba_xl":0.7987079544938536}
{"id":"unified_chip2/91421","predicted_model_label":3,"proba_base":0.185,"proba_large":0.2647685257789515,"proba_xl":0.5502314742210485}
{"id":"itwgpt4/5053","predicted_model_label":3,"proba_base":0.25503055911979144,"proba_large":0.22465926074754713,"proba_xl":0.5203101801326615}
{"id":"itwgpt4/50183","predicted_model_label":3,"proba_base":0.335,"proba_large":0.18,"proba_xl":0.485}
{"id":"itwgpt4/9448","predicted_model_label":3,"proba_base":0.245,"proba_large":0.185,"proba_xl":0.57}
{"id":"unified_chip2/83544","predicted_model_label":3,"proba_base":0.0,"proba_large":0.02170883341301395,"proba_xl":0.9782911665869861}
{"id":"unified_chip2/115853","predicted_model_label":3,"proba_base":0.355,"proba_large":0.085,"proba_xl":0.56}
{"id":"unified_chip2/24420","predicted_model_label":3,"proba_base":0.07784742042154823,"proba_large":0.09965403945949976,"proba_xl":0.8224985401189521}
{"id":"unified_chip2/40506","predicted_model_label":3,"proba_base":0.026313400961025094,"proba_large":0.11821080131704288,"proba_xl":0.8554757977219318}
{"id":"unified_chip2/10006","predicted_model_label":3,"proba_base":0.035,"proba_large":0.06,"proba_xl":0.905}
{"id":"unified_chip2/87828","predicted_model_label":3,"proba_base":0.175,"proba_large":0.055,"proba_xl":0.77}
{"id":"unified_chip2/79983","predicted_model_label":3,"proba_base":0.01,"proba_large":0.18978205158781883,"proba_xl":0.8002179484121812}
{"id":"dolly_15k/classification/2053","predicted_model_label":1,"proba_base":0.475,"proba_large":0.205,"proba_xl":0.32}
{"id":"itwgpt4/24227","predicted_model_label":3,"proba_base":0.265,"proba_large":0.25,"proba_xl":0.485}
{"id":"unified_chip2/154854","predicted_model_label":2,"proba_base":0.015,"proba_large":0.6774638303721778,"proba_xl":0.30753616962782226}
{"id":"unified_chip2/75123","predicted_model_label":1,"proba_base":0.4373053288538546,"proba_large":0.18,"proba_xl":0.3826946711461454}
{"id":"itwgpt4/30794","predicted_model_label":3,"proba_base":0.3687938443264393,"proba_large":0.195,"proba_xl":0.4362061556735607}
{"id":"unified_chip2/82132","predicted_model_label":3,"proba_base":0.0,"proba_large":0.0,"proba_xl":1.0}
{"id":"unified_chip2/121899","predicted_model_label":1,"proba_base":0.8725876886528787,"proba_large":0.015,"proba_xl":0.1124123113471213}
{"id":"unified_chip2/94367","predicted_model_label":3,"proba_base":0.115,"proba_large":0.19,"proba_xl":0.695}
{"id":"unified_chip2/25371","predicted_model_label":3,"proba_base":0.038793844326439356,"proba_large":0.01,"proba_xl":0.9512061556735606}
{"id":"dolly_15k/brainstorming/629","predicted_model_label":3,"proba_base":0.39,"proba_large":0.175,"proba_xl":0.435}
{"id":"unified_chip2/42541","predicted_model_label":3,"proba_base":0.045,"proba_large":0.09175036799957129,"proba_xl":0.8632496320004287}
{"id":"itwgpt4/2061","predicted_model_label":3,"proba_base":0.41255915068105764,"proba_large":0.125,"proba_xl":0.46244084931894236}
{"id":"laion/unified_chip2/4290","predicted_model_label":3,"proba_base":0.245,"proba_large":0.18468575163993906,"proba_xl":0.5703142483600611}
{"id":"unified_chip2/22119","predicted_model_label":3,"proba_base":0.18171966301920853,"proba_large":0.25,"proba_xl":0.5682803369807915}
{"id":"unified_chip2/108190","predicted_model_label":3,"proba_base":0.15930448882387394,"proba_large":0.25669427279732726,"proba_xl":0.5840012383787987}
{"id":"unified_chip2/17266","predicted_model_label":3,"proba_base":0.07060630436983688,"proba_large":0.053470237542397075,"proba_xl":0.875923458087766}
{"id":"itwgpt4/35382","predicted_model_label":3,"proba_base":0.20618093601694387,"proba_large":0.26725421825844586,"proba_xl":0.5265648457246103}
{"id":"itwgpt4/15796","predicted_model_label":3,"proba_base":0.11,"proba_large":0.365,"proba_xl":0.525}
{"id":"unified_chip2/129022","predicted_model_label":3,"proba_base":0.105,"proba_large":0.15,"proba_xl":0.745}
{"id":"unified_chip2/25171","predicted_model_label":1,"proba_base":0.7904147562065919,"proba_large":0.025,"proba_xl":0.18458524379340818}
{"id":"itwgpt4/42785","predicted_model_label":3,"proba_base":0.33,"proba_large":0.265,"proba_xl":0.405}
{"id":"itwgpt4/34355","predicted_model_label":3,"proba_base":0.12791942843119197,"proba_large":0.135,"proba_xl":0.7370805715688081}
{"id":"unified_chip2/24749","predicted_model_label":1,"proba_base":0.575,"proba_large":0.29,"proba_xl":0.135}
{"id":"unified_chip2/11352","predicted_model_label":3,"proba_base":0.135,"proba_large":0.065,"proba_xl":0.8}
{"id":"unified_chip2/35481","predicted_model_label":3,"proba_base":0.06711820578236984,"proba_large":0.23472541977823863,"proba_xl":0.6981563744393915}
{"id":"unified_chip2/69495","predicted_model_label":3,"proba_base":0.04931420455674076,"proba_large":0.11873191518608887,"proba_xl":0.8319538802571702}
{"id":"itwgpt4/21266","predicted_model_label":1,"proba_base":0.4830792767732962,"proba_large":0.18692072322670378,"proba_xl":0.33}
