{"id":"unified_chip2/5381","predicted_model_label":3,"proba_base":0.011137640449438203,"proba_large":0.4217874278847261,"proba_xl":0.5670749316658356}
{"id":"unified_chip2/10189","predicted_model_label":3,"proba_base":0.05,"proba_large":0.4519432532140268,"proba_xl":0.4980567467859732}
{"id":"unified_chip2/126674","predicted_model_label":3,"proba_base":0.1346911196911197,"proba_large":0.08030888030888031,"proba_xl":0.785}
{"id":"unified_chip2/18558","predicted_model_label":3,"proba_base":0.15372495141330875,"proba_large":0.1809626799088445,"proba_xl":0.6653123686778467}
{"id":"unified_chip2/163004","predicted_model_label":3,"proba_base":0.13345218025506583,"proba_large":0.17244139994488158,"proba_xl":0.6941064198000525}
{"id":"unified_chip2/780","predicted_model_label":3,"proba_base":0.263651821201948,"proba_large":0.22346784363177807,"proba_xl":0.5128803351662738}
{"id":"unified_chip2/71022","predicted_model_label":3,"proba_base":0.05415557648272989,"proba_large":0.07060944045577452,"proba_xl":0.8752349830614956}
{"id":"itwgpt4/49673","predicted_model_label":3,"proba_base":0.3,"proba_large":0.185,"proba_xl":0.515}
{"id":"unified_chip2/65111","predicted_model_label":2,"proba_base":0.02,"proba_large":0.6771415968239965,"proba_xl":0.30285840317600354}
{"id":"unified_chip2/54424","predicted_model_label":3,"proba_base":0.11608004077092618,"proba_large":0.25827962181073083,"proba_xl":0.625640337418343}
{"id":"unified_chip2/131578","predicted_model_label":3,"proba_base":0.16841024395326604,"proba_large":0.3276474654773624,"proba_xl":0.5039422905693715}
{"id":"unified_chip2/128055","predicted_model_label":3,"proba_base":0.17302593456144444,"proba_large":0.25110863340709433,"proba_xl":0.5758654320314611}
{"id":"itwgpt4/28735","predicted_model_label":1,"proba_base":0.465,"proba_large":0.21357079841199822,"proba_xl":0.3214292015880018}
{"id":"unified_chip2/152921","predicted_model_label":1,"proba_base":0.5414637707308103,"proba_large":0.075,"proba_xl":0.38353622926918957}
{"id":"itwgpt4/2843","predicted_model_label":3,"proba_base":0.20344126399319826,"proba_large":0.1777770154373928,"proba_xl":0.618781720569409}
{"id":"unified_chip2/65272","predicted_model_label":1,"proba_base":0.7384412639931983,"proba_large":0.0377770154373928,"proba_xl":0.22378172056940898}
{"id":"unified_chip2/80521","predicted_model_label":2,"proba_base":0.1362264595821884,"proba_large":0.44896018415005445,"proba_xl":0.4148133562677571}
{"id":"unified_chip2/47365","predicted_model_label":3,"proba_base":0.085,"proba_large":0.055,"proba_xl":0.86}
{"id":"unified_chip2/137974","predicted_model_label":3,"proba_base":0.115,"proba_large":0.2821415968239965,"proba_xl":0.6028584031760035}
{"id":"unified_chip2/162524","predicted_model_label":3,"proba_base":0.035904690990320176,"proba_large":0.3898545670007602,"proba_xl":0.5742407420089196}
{"id":"unified_chip2/136339","predicted_model_label":1,"proba_base":0.6687240651446522,"proba_large":0.02357079841199823,"proba_xl":0.30770513644334957}
{"id":"unified_chip2/145946","predicted_model_label":3,"proba_base":0.14591070943941117,"proba_large":0.34999058233916264,"proba_xl":0.5040987082214262}
{"id":"dolly_15k/open_qa/1183","predicted_model_label":3,"proba_base":0.215,"proba_large":0.22,"proba_xl":0.565}
{"id":"unified_chip2/5028","predicted_model_label":3,"proba_base":0.07,"proba_large":0.22357079841199823,"proba_xl":0.7064292015880018}
{"id":"unified_chip2/40983","predicted_model_label":2,"proba_base":0.08722689834314375,"proba_large":0.8512600762229724,"proba_xl":0.061513025433883955}
{"id":"itwgpt4/48487","predicted_model_label":3,"proba_base":0.41,"proba_large":0.17857079841199824,"proba_xl":0.4114292015880018}
{"id":"unified_chip2/110394","predicted_model_label":3,"proba_base":0.13,"proba_large":0.08312427634118101,"proba_xl":0.7868757236588189}
{"id":"itwgpt4/14728","predicted_model_label":3,"proba_base":0.385,"proba_large":0.115,"proba_xl":0.5}
{"id":"unified_chip2/101370","predicted_model_label":1,"proba_base":0.694869775073689,"proba_large":0.038862359550561804,"proba_xl":0.2662678653757492}
{"id":"unified_chip2/93523","predicted_model_label":3,"proba_base":0.01,"proba_large":0.0,"proba_xl":0.99}
{"id":"unified_chip2/43006","predicted_model_label":3,"proba_base":0.10251798046121906,"proba_large":0.13,"proba_xl":0.7674820195387809}
{"id":"unified_chip2/7431","predicted_model_label":3,"proba_base":0.2846911196911197,"proba_large":0.05530888030888031,"proba_xl":0.66}
{"id":"itwgpt4/41218","predicted_model_label":3,"proba_base":0.27907671646802085,"proba_large":0.33,"proba_xl":0.39092328353197914}
{"id":"unified_chip2/67592","predicted_model_label":3,"proba_base":0.33844126399319824,"proba_large":0.2302357495185345,"proba_xl":0.43132298648826717}
{"id":"itwgpt4/23961","predicted_model_label":1,"proba_base":0.435,"proba_large":0.27,"proba_xl":0.295}
{"id":"dolly_15k/open_qa/115","predicted_model_label":3,"proba_base":0.3625968404759282,"proba_large":0.11346784363177806,"proba_xl":0.5239353158922938}
{"id":"itwgpt4/4480","predicted_model_label":1,"proba_base":0.555,"proba_large":0.15,"proba_xl":0.295}
{"id":"itwgpt4/6395","predicted_model_label":1,"proba_base":0.475,"proba_large":0.11,"proba_xl":0.415}
{"id":"itwgpt4/32665","predicted_model_label":1,"proba_base":0.42,"proba_large":0.285,"proba_xl":0.295}
{"id":"itwgpt4/2984","predicted_model_label":3,"proba_base":0.345,"proba_large":0.29,"proba_xl":0.365}
{"id":"unified_chip2/74026","predicted_model_label":3,"proba_base":0.09215452853340715,"proba_large":0.22901025132173417,"proba_xl":0.6788352201448588}
{"id":"unified_chip2/156521","predicted_model_label":3,"proba_base":0.014491400036989089,"proba_large":0.015,"proba_xl":0.9705085999630109}
{"id":"unified_chip2/112359","predicted_model_label":3,"proba_base":0.019076716468020817,"proba_large":0.08416623777663407,"proba_xl":0.8967570457553451}
{"id":"unified_chip2/24123","predicted_model_label":1,"proba_base":0.52,"proba_large":0.035,"proba_xl":0.445}
{"id":"unified_chip2/128489","predicted_model_label":3,"proba_base":0.3,"proba_large":0.205,"proba_xl":0.495}
{"id":"unified_chip2/109084","predicted_model_label":3,"proba_base":0.36106468410770626,"proba_large":0.17,"proba_xl":0.46893531589229376}
{"id":"unified_chip2/139244","predicted_model_label":3,"proba_base":0.19384033524853725,"proba_large":0.20643819960655269,"proba_xl":0.5997214651449101}
{"id":"unified_chip2/80404","predicted_model_label":3,"proba_base":0.13,"proba_large":0.08,"proba_xl":0.79}
{"id":"unified_chip2/138153","predicted_model_label":3,"proba_base":0.08,"proba_large":0.047777015437392795,"proba_xl":0.8722229845626072}
{"id":"unified_chip2/99511","predicted_model_label":1,"proba_base":0.5534412639931982,"proba_large":0.09,"proba_xl":0.3565587360068018}
{"id":"unified_chip2/13594","predicted_model_label":3,"proba_base":0.17603744838469076,"proba_large":0.20916623777663407,"proba_xl":0.6147963138386752}
{"id":"unified_chip2/153853","predicted_model_label":3,"proba_base":0.215,"proba_large":0.11,"proba_xl":0.675}
{"id":"unified_chip2/104051","predicted_model_label":3,"proba_base":0.04734555984555985,"proba_large":0.06622523856643839,"proba_xl":0.8864292015880018}
{"id":"unified_chip2/116318","predicted_model_label":3,"proba_base":0.35893152015541524,"proba_large":0.08,"proba_xl":0.5610684798445847}
{"id":"itwgpt4/9037","predicted_model_label":3,"proba_base":0.345,"proba_large":0.25,"proba_xl":0.405}
{"id":"unified_chip2/60122","predicted_model_label":1,"proba_base":0.55,"proba_large":0.27,"proba_xl":0.18}
{"id":"itwgpt4/20169","predicted_model_label":1,"proba_base":0.56,"proba_large":0.14,"proba_xl":0.3}
{"id":"itwgpt4/23274","predicted_model_label":3,"proba_base":0.22,"proba_large":0.3,"proba_xl":0.48}
{"id":"unified_chip2/14587","predicted_model_label":3,"proba_base":0.1207868238387581,"proba_large":0.2093783107844219,"proba_xl":0.6698348653768198}
{"id":"itwgpt4/33386","predicted_model_label":3,"proba_base":0.295,"proba_large":0.19,"proba_xl":0.515}
{"id":"unified_chip2/112931","predicted_model_label":3,"proba_base":0.04,"proba_large":0.055,"proba_xl":0.905}
{"id":"unified_chip2/2699","predicted_model_label":3,"proba_base":0.11234555984555984,"proba_large":0.14706799880835522,"proba_xl":0.740586441346085}
{"id":"itwgpt4/10241","predicted_model_label":1,"proba_base":0.45,"proba_large":0.24357079841199825,"proba_xl":0.30642920158800174}
{"id":"unified_chip2/27979","predicted_model_label":3,"proba_base":0.11448550647281125,"proba_large":0.37847621541479826,"proba_xl":0.5070382781123904}
{"id":"unified_chip2/13088","predicted_model_label":1,"proba_base":0.6439799907244347,"proba_large":0.1844612732687634,"proba_xl":0.17155873600680174}
{"id":"dolly_15k/brainstorming/935","predicted_model_label":3,"proba_base":0.225,"proba_large":0.14857079841199824,"proba_xl":0.6264292015880017}
{"id":"unified_chip2/97736","predicted_model_label":3,"proba_base":0.275,"proba_large":0.12,"proba_xl":0.605}
{"id":"unified_chip2/68759","predicted_model_label":3,"proba_base":0.28844126399319825,"proba_large":0.18357079841199822,"proba_xl":0.5279879375948036}
{"id":"unified_chip2/131044","predicted_model_label":3,"proba_base":0.015,"proba_large":0.065,"proba_xl":0.92}
{"id":"unified_chip2/87861","predicted_model_label":3,"proba_base":0.3705299087869921,"proba_large":0.12265444015444014,"proba_xl":0.5068156510585677}
{"id":"unified_chip2/42176","predicted_model_label":3,"proba_base":0.04262342011450795,"proba_large":0.1507123952359947,"proba_xl":0.8066641846494973}
{"id":"itwgpt4/2548","predicted_model_label":3,"proba_base":0.3988403352485372,"proba_large":0.165,"proba_xl":0.4361596647514628}
{"id":"itwgpt4/26208","predicted_model_label":1,"proba_base":0.5934412639931983,"proba_large":0.155,"proba_xl":0.25155873600680173}
{"id":"unified_chip2/12774","predicted_model_label":3,"proba_base":0.02,"proba_large":0.01,"proba_xl":0.97}
{"id":"unified_chip2/36737","predicted_model_label":3,"proba_base":0.11996897996006779,"proba_large":0.07765444015444016,"proba_xl":0.802376579885492}
{"id":"unified_chip2/139598","predicted_model_label":3,"proba_base":0.16297719749908054,"proba_large":0.08357079841199823,"proba_xl":0.7534520040889212}
{"id":"unified_chip2/157108","predicted_model_label":3,"proba_base":0.095,"proba_large":0.25921521504394546,"proba_xl":0.6457847849560545}
{"id":"unified_chip2/6812","predicted_model_label":2,"proba_base":0.06387771621378178,"proba_large":0.7688593199748506,"proba_xl":0.1672629638113677}
{"id":"itwgpt4/25006","predicted_model_label":3,"proba_base":0.195,"proba_large":0.285,"proba_xl":0.52}
{"id":"unified_chip2/35175","predicted_model_label":3,"proba_base":0.09319316688567675,"proba_large":0.11264959335624011,"proba_xl":0.7941572397580831}
{"id":"dolly_15k/general_qa/885","predicted_model_label":3,"proba_base":0.28,"proba_large":0.18135469735571622,"proba_xl":0.5386453026442837}
{"id":"unified_chip2/84907","predicted_model_label":3,"proba_base":0.23072286323493368,"proba_large":0.08,"proba_xl":0.6892771367650663}
{"id":"unified_chip2/103136","predicted_model_label":3,"proba_base":0.35399626034877985,"proba_large":0.20106955657915596,"proba_xl":0.4449341830720641}
{"id":"unified_chip2/18378","predicted_model_label":3,"proba_base":0.0065321563682219416,"proba_large":0.2373489524327762,"proba_xl":0.7561188911990017}
{"id":"unified_chip2/100070","predicted_model_label":1,"proba_base":0.7967001365825287,"proba_large":0.061929097746276585,"proba_xl":0.14137076567119466}
{"id":"unified_chip2/86951","predicted_model_label":3,"proba_base":0.21526261156211793,"proba_large":0.20539147634307245,"proba_xl":0.5793459120948097}
{"id":"unified_chip2/46998","predicted_model_label":1,"proba_base":0.6846640124614255,"proba_large":0.2953359875385737,"proba_xl":0.02}
{"id":"unified_chip2/154212","predicted_model_label":3,"proba_base":0.358410243953266,"proba_large":0.20765444015444015,"proba_xl":0.43393531589229384}
{"id":"unified_chip2/32995","predicted_model_label":3,"proba_base":0.135,"proba_large":0.055,"proba_xl":0.81}
{"id":"unified_chip2/145692","predicted_model_label":3,"proba_base":0.0868825279863965,"proba_large":0.1830699580341278,"proba_xl":0.7300475139794755}
{"id":"unified_chip2/77946","predicted_model_label":2,"proba_base":0.01,"proba_large":0.97,"proba_xl":0.02}
{"id":"unified_chip2/124668","predicted_model_label":3,"proba_base":0.029345954983518423,"proba_large":0.37059843095166284,"proba_xl":0.6000556140648186}
{"id":"unified_chip2/118564","predicted_model_label":3,"proba_base":0.08354099938781605,"proba_large":0.274445349420145,"proba_xl":0.6420136511920389}
{"id":"dolly_15k/brainstorming/638","predicted_model_label":3,"proba_base":0.16,"proba_large":0.085,"proba_xl":0.755}
{"id":"unified_chip2/118104","predicted_model_label":2,"proba_base":0.09432435241640626,"proba_large":0.5654834969557672,"proba_xl":0.34019215062782665}
{"id":"itwgpt4/22053","predicted_model_label":3,"proba_base":0.30766300219298204,"proba_large":0.24597451382703325,"proba_xl":0.44636248397998474}
{"id":"unified_chip2/128380","predicted_model_label":2,"proba_base":0.015,"proba_large":0.8363078346006307,"proba_xl":0.14869216539936947}
{"id":"dolly_15k/brainstorming/1095","predicted_model_label":3,"proba_base":0.315,"proba_large":0.1577770154373928,"proba_xl":0.5272229845626072}
{"id":"unified_chip2/139421","predicted_model_label":3,"proba_base":0.3992455793958765,"proba_large":0.07827240106534253,"proba_xl":0.5224820195387809}
{"id":"unified_chip2/137793","predicted_model_label":3,"proba_base":0.10816214684574453,"proba_large":0.1694612732687634,"proba_xl":0.722376579885492}
{"id":"unified_chip2/36180","predicted_model_label":3,"proba_base":0.09819316688567675,"proba_large":0.23433348473746135,"proba_xl":0.6674733483768618}
{"id":"unified_chip2/135585","predicted_model_label":3,"proba_base":0.025,"proba_large":0.036303737903232686,"proba_xl":0.9386962620967674}
{"id":"unified_chip2/127598","predicted_model_label":3,"proba_base":0.3003504871406253,"proba_large":0.19902396206679074,"proba_xl":0.500625550792584}
{"id":"unified_chip2/96990","predicted_model_label":3,"proba_base":0.17170013658252878,"proba_large":0.07857079841199824,"proba_xl":0.749729065005473}
{"id":"sharegpt/yaOAhIw_0","predicted_model_label":1,"proba_base":0.99,"proba_large":0.01,"proba_xl":0.0}
{"id":"unified_chip2/94464","predicted_model_label":3,"proba_base":0.1082322929507507,"proba_large":0.12560944045577452,"proba_xl":0.7661582665934747}
{"id":"unified_chip2/64041","predicted_model_label":2,"proba_base":0.11734555984555986,"proba_large":0.5811997116014643,"proba_xl":0.3014547285529759}
{"id":"unified_chip2/27022","predicted_model_label":3,"proba_base":0.06884033524853723,"proba_large":0.17,"proba_xl":0.7611596647514628}
{"id":"unified_chip2/103644","predicted_model_label":3,"proba_base":0.17762342011450793,"proba_large":0.10273703618863231,"proba_xl":0.7196395436968598}
{"id":"unified_chip2/87925","predicted_model_label":3,"proba_base":0.27,"proba_large":0.235,"proba_xl":0.495}
{"id":"unified_chip2/11734","predicted_model_label":3,"proba_base":0.03653215636822194,"proba_large":0.17137081295908063,"proba_xl":0.7920970306726973}
{"id":"unified_chip2/152459","predicted_model_label":3,"proba_base":0.0860646841077062,"proba_large":0.14242224239432327,"proba_xl":0.7715130734979705}
{"id":"unified_chip2/37025","predicted_model_label":3,"proba_base":0.10344126399319825,"proba_large":0.25416623777663405,"proba_xl":0.6423924982301676}
{"id":"sharegpt/5D4TSCc_0","predicted_model_label":3,"proba_base":0.3090767164680208,"proba_large":0.21100096953735947,"proba_xl":0.4799223139946197}
{"id":"unified_chip2/37560","predicted_model_label":3,"proba_base":0.045,"proba_large":0.11769562769878206,"proba_xl":0.8373043723012179}
{"id":"unified_chip2/96653","predicted_model_label":1,"proba_base":0.535,"proba_large":0.075,"proba_xl":0.39}
{"id":"unified_chip2/164107","predicted_model_label":3,"proba_base":0.3671577217649798,"proba_large":0.075,"proba_xl":0.5578422782350203}
{"id":"unified_chip2/67381","predicted_model_label":3,"proba_base":0.29606468410770614,"proba_large":0.21357079841199822,"proba_xl":0.4903645174802956}
{"id":"unified_chip2/97742","predicted_model_label":1,"proba_base":0.525,"proba_large":0.14,"proba_xl":0.335}
{"id":"itwgpt4/27670","predicted_model_label":1,"proba_base":0.525,"proba_large":0.22,"proba_xl":0.255}
{"id":"unified_chip2/69043","predicted_model_label":1,"proba_base":0.835,"proba_large":0.045,"proba_xl":0.12}
{"id":"itwgpt4/40533","predicted_model_label":3,"proba_base":0.18,"proba_large":0.375,"proba_xl":0.445}
{"id":"unified_chip2/28142","predicted_model_label":1,"proba_base":0.5565777334719081,"proba_large":0.012271961829918607,"proba_xl":0.4311503046981734}
{"id":"unified_chip2/18697","predicted_model_label":3,"proba_base":0.18398280007397816,"proba_large":0.19155304096568584,"proba_xl":0.624464158960336}
{"id":"itwgpt4/9196","predicted_model_label":3,"proba_base":0.28319316688567675,"proba_large":0.2518068331143233,"proba_xl":0.465}
{"id":"unified_chip2/72948","predicted_model_label":3,"proba_base":0.3960646841077062,"proba_large":0.0805140516260251,"proba_xl":0.5234212642662688}
{"id":"itwgpt4/11906","predicted_model_label":3,"proba_base":0.34262342011450797,"proba_large":0.19,"proba_xl":0.4673765798854921}
{"id":"itwgpt4/7561","predicted_model_label":1,"proba_base":0.48,"proba_large":0.25,"proba_xl":0.27}
{"id":"sharegpt/Caxpnd3_0","predicted_model_label":1,"proba_base":0.442517980461219,"proba_large":0.19833247555326813,"proba_xl":0.3591495439855128}
{"id":"sharegpt/oDoLdHY_39","predicted_model_label":1,"proba_base":0.5049734203614201,"proba_large":0.18846784363177804,"proba_xl":0.3065587360068017}
{"id":"unified_chip2/88981","predicted_model_label":3,"proba_base":0.3024767211492396,"proba_large":0.20913847305291397,"proba_xl":0.48838480579784643}
{"id":"unified_chip2/99808","predicted_model_label":3,"proba_base":0.08,"proba_large":0.12277701543739279,"proba_xl":0.7972229845626072}
{"id":"dolly_15k/general_qa/1290","predicted_model_label":1,"proba_base":0.7934412639931984,"proba_large":0.045,"proba_xl":0.16155873600680173}
{"id":"dolly_15k/general_qa/775","predicted_model_label":1,"proba_base":0.575,"proba_large":0.245,"proba_xl":0.18}
{"id":"unified_chip2/139291","predicted_model_label":3,"proba_base":0.0961376404494382,"proba_large":0.0438623595505618,"proba_xl":0.86}
{"id":"dolly_15k/open_qa/2621","predicted_model_label":3,"proba_base":0.0,"proba_large":0.007499228156838531,"proba_xl":0.9925007718431615}
{"id":"unified_chip2/20153","predicted_model_label":3,"proba_base":0.17295443268180258,"proba_large":0.3746930821982164,"proba_xl":0.452352485119981}
{"id":"unified_chip2/62096","predicted_model_label":3,"proba_base":0.31106468410770616,"proba_large":0.215,"proba_xl":0.4739353158922938}
{"id":"unified_chip2/150906","predicted_model_label":3,"proba_base":0.04711966483372611,"proba_large":0.0434894106733875,"proba_xl":0.9093909244928864}
{"id":"unified_chip2/3354","predicted_model_label":1,"proba_base":0.6899689799600677,"proba_large":0.10153445424138845,"proba_xl":0.20849656579854378}
{"id":"dolly_15k/brainstorming/840","predicted_model_label":3,"proba_base":0.14262342011450793,"proba_large":0.12361977567930964,"proba_xl":0.7337568042061824}
{"id":"unified_chip2/47688","predicted_model_label":3,"proba_base":0.2731534329360416,"proba_large":0.22450805083259906,"proba_xl":0.5023385162313594}
{"id":"unified_chip2/77631","predicted_model_label":3,"proba_base":0.16238713032127408,"proba_large":0.05182067793107423,"proba_xl":0.7857921917476516}
{"id":"unified_chip2/58683","predicted_model_label":3,"proba_base":0.09233861764195525,"proba_large":0.06051409049293235,"proba_xl":0.8471472918651124}
{"id":"unified_chip2/155454","predicted_model_label":3,"proba_base":0.19573145656278906,"proba_large":0.28073611061511117,"proba_xl":0.5235324328220997}
{"id":"unified_chip2/81662","predicted_model_label":2,"proba_base":0.01,"proba_large":0.8882910670634179,"proba_xl":0.1017089329365821}
{"id":"unified_chip2/129602","predicted_model_label":3,"proba_base":0.11688252798639649,"proba_large":0.04857079841199823,"proba_xl":0.8345466736016053}
{"id":"itwgpt4/25094","predicted_model_label":1,"proba_base":0.4898392838573839,"proba_large":0.27,"proba_xl":0.24016071614261614}
{"id":"unified_chip2/127291","predicted_model_label":3,"proba_base":0.045,"proba_large":0.3281992653845661,"proba_xl":0.6268007346154338}
{"id":"unified_chip2/674","predicted_model_label":3,"proba_base":0.1268825279863965,"proba_large":0.18357079841199822,"proba_xl":0.6895466736016053}
{"id":"unified_chip2/48411","predicted_model_label":1,"proba_base":0.775,"proba_large":0.155,"proba_xl":0.07}
{"id":"dolly_15k/classification/705","predicted_model_label":1,"proba_base":0.615,"proba_large":0.043570798411998235,"proba_xl":0.34142920158800183}
{"id":"unified_chip2/140194","predicted_model_label":3,"proba_base":0.12734555984555984,"proba_large":0.26122523856643837,"proba_xl":0.6114292015880017}
{"id":"unified_chip2/58216","predicted_model_label":1,"proba_base":0.6173455598455598,"proba_large":0.14265444015444015,"proba_xl":0.24}
{"id":"itwgpt4/21811","predicted_model_label":1,"proba_base":0.515,"proba_large":0.2477770154373928,"proba_xl":0.2372229845626072}
{"id":"unified_chip2/120563","predicted_model_label":1,"proba_base":0.6428590962449536,"proba_large":0.02,"proba_xl":0.3371409037550465}
{"id":"unified_chip2/13476","predicted_model_label":3,"proba_base":0.0946911196911197,"proba_large":0.1880459164975126,"proba_xl":0.7172629638113677}
{"id":"itwgpt4/24504","predicted_model_label":1,"proba_base":0.46,"proba_large":0.21357079841199822,"proba_xl":0.3264292015880018}
{"id":"unified_chip2/60952","predicted_model_label":3,"proba_base":0.085,"proba_large":0.414188610650793,"proba_xl":0.500811389349207}
{"id":"unified_chip2/19496","predicted_model_label":3,"proba_base":0.1309592444544173,"proba_large":0.15000899801855092,"proba_xl":0.7190317575270317}
{"id":"dolly_15k/open_qa/1423","predicted_model_label":3,"proba_base":0.016532156368221942,"proba_large":0.053467843631778054,"proba_xl":0.93}
{"id":"unified_chip2/30164","predicted_model_label":3,"proba_base":0.16270719455567023,"proba_large":0.2920604291254303,"proba_xl":0.5452323763188995}
{"id":"unified_chip2/20290","predicted_model_label":3,"proba_base":0.052071742080847645,"proba_large":0.05994032032434883,"proba_xl":0.8879879375948034}
{"id":"sharegpt/QFVxKHe_0","predicted_model_label":3,"proba_base":0.25,"proba_large":0.30782599270470423,"proba_xl":0.44217400729529577}
{"id":"unified_chip2/116150","predicted_model_label":3,"proba_base":0.3109193102859858,"proba_large":0.08,"proba_xl":0.6090806897140141}
{"id":"unified_chip2/48181","predicted_model_label":3,"proba_base":0.004076716468020816,"proba_large":0.0,"proba_xl":0.9959232835319791}
{"id":"unified_chip2/48123","predicted_model_label":3,"proba_base":0.01,"proba_large":0.169258793016661,"proba_xl":0.820741206983339}
{"id":"unified_chip2/163498","predicted_model_label":3,"proba_base":0.09251798046121905,"proba_large":0.18421272835776648,"proba_xl":0.7232692911810145}
{"id":"unified_chip2/137595","predicted_model_label":3,"proba_base":0.165,"proba_large":0.02,"proba_xl":0.815}
{"id":"unified_chip2/70531","predicted_model_label":3,"proba_base":0.19056092882692433,"proba_large":0.025,"proba_xl":0.7844390711730758}
{"id":"unified_chip2/17835","predicted_model_label":1,"proba_base":0.47929097973994367,"proba_large":0.0677770154373928,"proba_xl":0.45293200482266355}
{"id":"unified_chip2/53187","predicted_model_label":3,"proba_base":0.16009686233280665,"proba_large":0.1975357204828704,"proba_xl":0.6423674171843229}
{"id":"sharegpt/mWsFRK3_94","predicted_model_label":3,"proba_base":0.23907671646802084,"proba_large":0.3077770154373928,"proba_xl":0.45314626809458636}
{"id":"unified_chip2/21601","predicted_model_label":3,"proba_base":0.05,"proba_large":0.155,"proba_xl":0.795}
{"id":"unified_chip2/120732","predicted_model_label":3,"proba_base":0.06844126399319825,"proba_large":0.16294911584523014,"proba_xl":0.7686096201615719}
{"id":"unified_chip2/127592","predicted_model_label":3,"proba_base":0.035,"proba_large":0.06266253195634679,"proba_xl":0.9023374680436532}
{"id":"dolly_15k/open_qa/3484","predicted_model_label":3,"proba_base":0.095,"proba_large":0.135,"proba_xl":0.77}
{"id":"unified_chip2/148533","predicted_model_label":3,"proba_base":0.34,"proba_large":0.2735707984119982,"proba_xl":0.38642920158800176}
{"id":"unified_chip2/859","predicted_model_label":3,"proba_base":0.37545709782331976,"proba_large":0.15452117779113503,"proba_xl":0.47002172438554524}
{"id":"unified_chip2/91765","predicted_model_label":3,"proba_base":0.09876106056394615,"proba_large":0.0638623595505618,"proba_xl":0.837376579885492}
{"id":"unified_chip2/86760","predicted_model_label":3,"proba_base":0.35,"proba_large":0.16277701543739279,"proba_xl":0.48722298456260726}
{"id":"unified_chip2/63418","predicted_model_label":3,"proba_base":0.18,"proba_large":0.06857079841199823,"proba_xl":0.7514292015880017}
{"id":"unified_chip2/115443","predicted_model_label":3,"proba_base":0.13,"proba_large":0.07104717552283228,"proba_xl":0.7989528244771678}
{"id":"unified_chip2/151342","predicted_model_label":3,"proba_base":0.30881980141625487,"proba_large":0.12,"proba_xl":0.5711801985837451}
{"id":"unified_chip2/164405","predicted_model_label":3,"proba_base":0.12,"proba_large":0.4235052921982636,"proba_xl":0.45649470780173634}
{"id":"dolly_15k/general_qa/646","predicted_model_label":1,"proba_base":0.535,"proba_large":0.115,"proba_xl":0.35}
{"id":"unified_chip2/102323","predicted_model_label":3,"proba_base":0.19126057409500216,"proba_large":0.20991861226138928,"proba_xl":0.5988208136436086}
{"id":"unified_chip2/77245","predicted_model_label":2,"proba_base":0.048441263993198244,"proba_large":0.7019432532140268,"proba_xl":0.2496154827927749}
{"id":"unified_chip2/7911","predicted_model_label":3,"proba_base":0.3436304780876494,"proba_large":0.0713695219123506,"proba_xl":0.585}
{"id":"dolly_15k/brainstorming/1360","predicted_model_label":3,"proba_base":0.365,"proba_large":0.195,"proba_xl":0.44}
{"id":"unified_chip2/13932","predicted_model_label":3,"proba_base":0.075,"proba_large":0.29,"proba_xl":0.635}
{"id":"itwgpt4/22721","predicted_model_label":3,"proba_base":0.3834412639931983,"proba_large":0.135,"proba_xl":0.4815587360068017}
{"id":"unified_chip2/17037","predicted_model_label":3,"proba_base":0.19907671646802083,"proba_large":0.146313288865866,"proba_xl":0.6546099946661132}
{"id":"unified_chip2/29934","predicted_model_label":3,"proba_base":0.055,"proba_large":0.06,"proba_xl":0.885}
{"id":"itwgpt4/33122","predicted_model_label":1,"proba_base":0.5593441058970843,"proba_large":0.13,"proba_xl":0.3106558941029158}
{"id":"unified_chip2/88467","predicted_model_label":3,"proba_base":0.04,"proba_large":0.45214159682399646,"proba_xl":0.5078584031760035}
{"id":"unified_chip2/111898","predicted_model_label":2,"proba_base":0.04,"proba_large":0.7527770154373928,"proba_xl":0.2072229845626072}
{"id":"dolly_15k/open_qa/463","predicted_model_label":3,"proba_base":0.31177820897708136,"proba_large":0.30277701543739277,"proba_xl":0.3854447755855259}
{"id":"itwgpt4/30297","predicted_model_label":1,"proba_base":0.59,"proba_large":0.12,"proba_xl":0.29}
{"id":"unified_chip2/18747","predicted_model_label":3,"proba_base":0.03,"proba_large":0.013570798411998234,"proba_xl":0.9564292015880018}
{"id":"itwgpt4/50044","predicted_model_label":3,"proba_base":0.195,"proba_large":0.365,"proba_xl":0.44}
{"id":"unified_chip2/72722","predicted_model_label":3,"proba_base":0.05,"proba_large":0.058570798411998234,"proba_xl":0.8914292015880018}
{"id":"itwgpt4/23358","predicted_model_label":1,"proba_base":0.51,"proba_large":0.275,"proba_xl":0.215}
{"id":"unified_chip2/31404","predicted_model_label":1,"proba_base":0.564491400036989,"proba_large":0.04857079841199823,"proba_xl":0.38693780155101265}
{"id":"itwgpt4/16932","predicted_model_label":1,"proba_base":0.39,"proba_large":0.26,"proba_xl":0.35}
{"id":"unified_chip2/44429","predicted_model_label":3,"proba_base":0.13743218014571684,"proba_large":0.19728931994891277,"proba_xl":0.6652784999053702}
{"id":"unified_chip2/109904","predicted_model_label":1,"proba_base":0.535,"proba_large":0.01,"proba_xl":0.455}
{"id":"unified_chip2/142985","predicted_model_label":3,"proba_base":0.16928006392780667,"proba_large":0.13841449215745844,"proba_xl":0.692305443914735}
{"id":"unified_chip2/17181","predicted_model_label":3,"proba_base":0.2290767164680208,"proba_large":0.09192234623604843,"proba_xl":0.6790009372959307}
{"id":"unified_chip2/50596","predicted_model_label":2,"proba_base":0.045,"proba_large":0.57,"proba_xl":0.385}
{"id":"unified_chip2/130221","predicted_model_label":3,"proba_base":0.24347956955951325,"proba_large":0.2565204304404867,"proba_xl":0.5}
{"id":"unified_chip2/150465","predicted_model_label":2,"proba_base":0.35304401384600664,"proba_large":0.6444917066368635,"proba_xl":0.0024642795171296154}
{"id":"unified_chip2/125280","predicted_model_label":3,"proba_base":0.05606468410770619,"proba_large":0.31464031015389865,"proba_xl":0.6292950057383951}
{"id":"unified_chip2/87405","predicted_model_label":3,"proba_base":0.39607879160028914,"proba_large":0.09107002656883675,"proba_xl":0.5128511818308742}
{"id":"itwgpt4/35507","predicted_model_label":3,"proba_base":0.36,"proba_large":0.145,"proba_xl":0.495}
{"id":"dolly_15k/classification/553","predicted_model_label":1,"proba_base":0.54,"proba_large":0.19357079841199823,"proba_xl":0.26642920158800176}
{"id":"unified_chip2/49836","predicted_model_label":3,"proba_base":0.095,"proba_large":0.19134781384939104,"proba_xl":0.7136521861506091}
{"id":"unified_chip2/31851","predicted_model_label":2,"proba_base":0.30408717547755315,"proba_large":0.421347813849391,"proba_xl":0.27456501067305583}
{"id":"unified_chip2/14024","predicted_model_label":3,"proba_base":0.2342740258315308,"proba_large":0.14461290275518712,"proba_xl":0.6211130714132819}
{"id":"unified_chip2/130656","predicted_model_label":3,"proba_base":0.05,"proba_large":0.213449431424627,"proba_xl":0.7365505685753729}
{"id":"itwgpt4/20847","predicted_model_label":1,"proba_base":0.455,"proba_large":0.12,"proba_xl":0.425}
{"id":"unified_chip2/2286","predicted_model_label":3,"proba_base":0.1944914000369891,"proba_large":0.19,"proba_xl":0.6155085999630109}
{"id":"itwgpt4/44513","predicted_model_label":3,"proba_base":0.395,"proba_large":0.175,"proba_xl":0.43}
{"id":"sharegpt/VW7V5Me_0","predicted_model_label":1,"proba_base":0.5973455598455598,"proba_large":0.16564681295932535,"proba_xl":0.2370076271951148}
{"id":"unified_chip2/46781","predicted_model_label":1,"proba_base":0.4673784995510201,"proba_large":0.10871027932219715,"proba_xl":0.42391122112678276}
{"id":"unified_chip2/4567","predicted_model_label":3,"proba_base":0.2537815129017588,"proba_large":0.2882445194102865,"proba_xl":0.4579739676879547}
{"id":"unified_chip2/76590","predicted_model_label":1,"proba_base":0.5634412639931982,"proba_large":0.07,"proba_xl":0.36655873600680183}
{"id":"unified_chip2/7152","predicted_model_label":3,"proba_base":0.29344126399319825,"proba_large":0.18108845201658544,"proba_xl":0.5254702839902162}
{"id":"itwgpt4/48894","predicted_model_label":3,"proba_base":0.365,"proba_large":0.125,"proba_xl":0.51}
{"id":"unified_chip2/155992","predicted_model_label":3,"proba_base":0.165,"proba_large":0.2942215988447912,"proba_xl":0.5407784011552086}
{"id":"unified_chip2/128161","predicted_model_label":3,"proba_base":0.11,"proba_large":0.23987863301262877,"proba_xl":0.6501213669873712}
{"id":"unified_chip2/81326","predicted_model_label":3,"proba_base":0.34553872673123665,"proba_large":0.1094612732687634,"proba_xl":0.545}
{"id":"unified_chip2/161635","predicted_model_label":2,"proba_base":0.0,"proba_large":0.7448056135193205,"proba_xl":0.25519438648068}
{"id":"unified_chip2/156657","predicted_model_label":2,"proba_base":0.03,"proba_large":0.8827370361886324,"proba_xl":0.0872629638113677}
{"id":"unified_chip2/116722","predicted_model_label":3,"proba_base":0.19819316688567676,"proba_large":0.21097307089095732,"proba_xl":0.5908337622233659}
{"id":"unified_chip2/30880","predicted_model_label":3,"proba_base":0.3705299087869921,"proba_large":0.10909263976099283,"proba_xl":0.5203774514520151}
{"id":"unified_chip2/81859","predicted_model_label":3,"proba_base":0.095,"proba_large":0.008570798411998235,"proba_xl":0.8964292015880018}
{"id":"unified_chip2/62411","predicted_model_label":3,"proba_base":0.2399689799600678,"proba_large":0.22900225400383117,"proba_xl":0.5310287660361012}
{"id":"unified_chip2/52485","predicted_model_label":3,"proba_base":0.16934410589708424,"proba_large":0.29357079841199824,"proba_xl":0.5370850956909176}
{"id":"unified_chip2/163521","predicted_model_label":3,"proba_base":0.20351695886527146,"proba_large":0.11037763152632149,"proba_xl":0.6861054096084073}
{"id":"unified_chip2/135042","predicted_model_label":3,"proba_base":0.09150113632828973,"proba_large":0.31341450397807,"proba_xl":0.5950843596936403}
{"id":"unified_chip2/48365","predicted_model_label":3,"proba_base":0.09113764044943821,"proba_large":0.23787335939326226,"proba_xl":0.6709890001572996}
{"id":"unified_chip2/9930","predicted_model_label":3,"proba_base":0.22021408381190763,"proba_large":0.29068720796666614,"proba_xl":0.4890987082214262}
{"id":"unified_chip2/86945","predicted_model_label":1,"proba_base":0.5784412639931982,"proba_large":0.34,"proba_xl":0.08155873600680176}
{"id":"unified_chip2/64695","predicted_model_label":3,"proba_base":0.015,"proba_large":0.03,"proba_xl":0.955}
{"id":"unified_chip2/32230","predicted_model_label":3,"proba_base":0.03844126399319824,"proba_large":0.046488452540248096,"proba_xl":0.9150702834665537}
{"id":"unified_chip2/76726","predicted_model_label":3,"proba_base":0.115,"proba_large":0.14,"proba_xl":0.745}
{"id":"unified_chip2/66843","predicted_model_label":3,"proba_base":0.06581658700018468,"proba_large":0.3103776315263215,"proba_xl":0.6238057814734939}
{"id":"unified_chip2/40540","predicted_model_label":2,"proba_base":0.06,"proba_large":0.7585707984119984,"proba_xl":0.18142920158800177}
{"id":"unified_chip2/70559","predicted_model_label":3,"proba_base":0.05,"proba_large":0.3982701600854395,"proba_xl":0.5517298399145606}
{"id":"dolly_15k/general_qa/1076","predicted_model_label":3,"proba_base":0.13,"proba_large":0.405,"proba_xl":0.465}
{"id":"itwgpt4/33840","predicted_model_label":3,"proba_base":0.4,"proba_large":0.19,"proba_xl":0.41}
{"id":"unified_chip2/115551","predicted_model_label":3,"proba_base":0.38969968837928076,"proba_large":0.15893633350645303,"proba_xl":0.4513639781142662}
{"id":"unified_chip2/22385","predicted_model_label":3,"proba_base":0.14266935182515458,"proba_large":0.28860582588743133,"proba_xl":0.568724822287414}
{"id":"unified_chip2/63687","predicted_model_label":2,"proba_base":0.025,"proba_large":0.7021884595790823,"proba_xl":0.2728115404209178}
{"id":"unified_chip2/132457","predicted_model_label":3,"proba_base":0.015,"proba_large":0.44062292546109044,"proba_xl":0.5443770745389095}
{"id":"unified_chip2/98852","predicted_model_label":3,"proba_base":0.20153215636822192,"proba_large":0.09624485906917085,"proba_xl":0.7022229845626071}
{"id":"unified_chip2/111263","predicted_model_label":1,"proba_base":0.5360646841077061,"proba_large":0.145,"proba_xl":0.31893531589229385}
{"id":"unified_chip2/36497","predicted_model_label":3,"proba_base":0.08969430321396647,"proba_large":0.3935627682433481,"proba_xl":0.5167429285426856}
{"id":"unified_chip2/91421","predicted_model_label":3,"proba_base":0.29,"proba_large":0.25,"proba_xl":0.46}
{"id":"itwgpt4/5053","predicted_model_label":3,"proba_base":0.375,"proba_large":0.135,"proba_xl":0.49}
{"id":"itwgpt4/50183","predicted_model_label":3,"proba_base":0.4,"proba_large":0.14,"proba_xl":0.46}
{"id":"itwgpt4/9448","predicted_model_label":3,"proba_base":0.3190767164680208,"proba_large":0.215,"proba_xl":0.4659232835319792}
{"id":"unified_chip2/83544","predicted_model_label":3,"proba_base":0.005,"proba_large":0.021307834600630543,"proba_xl":0.9736921653993694}
{"id":"unified_chip2/115853","predicted_model_label":3,"proba_base":0.46844126399319824,"proba_large":0.03,"proba_xl":0.5015587360068018}
{"id":"unified_chip2/24420","predicted_model_label":3,"proba_base":0.10874125652056069,"proba_large":0.1598319045653745,"proba_xl":0.7314268389140648}
{"id":"unified_chip2/40506","predicted_model_label":3,"proba_base":0.0329064886724842,"proba_large":0.23399211695952754,"proba_xl":0.7331013943679884}
{"id":"unified_chip2/10006","predicted_model_label":3,"proba_base":0.145,"proba_large":0.175,"proba_xl":0.68}
{"id":"unified_chip2/87828","predicted_model_label":3,"proba_base":0.195,"proba_large":0.095,"proba_xl":0.71}
{"id":"unified_chip2/79983","predicted_model_label":3,"proba_base":0.03,"proba_large":0.17994616256783666,"proba_xl":0.7900538374321634}
{"id":"dolly_15k/classification/2053","predicted_model_label":1,"proba_base":0.545,"proba_large":0.15,"proba_xl":0.305}
{"id":"itwgpt4/24227","predicted_model_label":3,"proba_base":0.345,"proba_large":0.22,"proba_xl":0.435}
{"id":"unified_chip2/154854","predicted_model_label":2,"proba_base":0.03262342011450794,"proba_large":0.6958692014286375,"proba_xl":0.27150737845685463}
{"id":"unified_chip2/75123","predicted_model_label":1,"proba_base":0.562517980461219,"proba_large":0.045,"proba_xl":0.3924820195387809}
{"id":"itwgpt4/30794","predicted_model_label":1,"proba_base":0.415,"proba_large":0.24,"proba_xl":0.345}
{"id":"unified_chip2/82132","predicted_model_label":3,"proba_base":0.0,"proba_large":0.0,"proba_xl":1.0}
{"id":"unified_chip2/121899","predicted_model_label":1,"proba_base":0.895,"proba_large":0.02,"proba_xl":0.085}
{"id":"unified_chip2/94367","predicted_model_label":3,"proba_base":0.19,"proba_large":0.325,"proba_xl":0.485}
{"id":"unified_chip2/25371","predicted_model_label":3,"proba_base":0.04,"proba_large":0.015,"proba_xl":0.945}
{"id":"dolly_15k/brainstorming/629","predicted_model_label":3,"proba_base":0.36,"proba_large":0.235,"proba_xl":0.405}
{"id":"unified_chip2/42541","predicted_model_label":3,"proba_base":0.1270886447937939,"proba_large":0.13614385082782765,"proba_xl":0.7367675043783783}
{"id":"itwgpt4/2061","predicted_model_label":1,"proba_base":0.505,"proba_large":0.12,"proba_xl":0.375}
{"id":"laion/unified_chip2/4290","predicted_model_label":3,"proba_base":0.38153215636822196,"proba_large":0.2033864558931673,"proba_xl":0.41508138773861075}
{"id":"unified_chip2/22119","predicted_model_label":3,"proba_base":0.24726988335369757,"proba_large":0.36180683311432327,"proba_xl":0.3909232835319792}
{"id":"unified_chip2/108190","predicted_model_label":3,"proba_base":0.1927899483888572,"proba_large":0.2352277676526822,"proba_xl":0.5719822839584606}
{"id":"unified_chip2/17266","predicted_model_label":3,"proba_base":0.065,"proba_large":0.058570798411998234,"proba_xl":0.8764292015880017}
{"id":"itwgpt4/35382","predicted_model_label":3,"proba_base":0.3593441058970842,"proba_large":0.1944114441416894,"proba_xl":0.44624444996122636}
{"id":"itwgpt4/15796","predicted_model_label":3,"proba_base":0.215,"proba_large":0.375,"proba_xl":0.41}
{"id":"unified_chip2/129022","predicted_model_label":3,"proba_base":0.23,"proba_large":0.165,"proba_xl":0.605}
{"id":"unified_chip2/25171","predicted_model_label":1,"proba_base":0.7737800401510084,"proba_large":0.03282618003747761,"proba_xl":0.1933937798115139}
{"id":"itwgpt4/42785","predicted_model_label":1,"proba_base":0.405,"proba_large":0.23,"proba_xl":0.365}
{"id":"itwgpt4/34355","predicted_model_label":3,"proba_base":0.16446522467928595,"proba_large":0.12315446830881203,"proba_xl":0.712380307011902}
{"id":"unified_chip2/24749","predicted_model_label":1,"proba_base":0.77,"proba_large":0.105,"proba_xl":0.125}
{"id":"unified_chip2/11352","predicted_model_label":3,"proba_base":0.2949111785455088,"proba_large":0.085,"proba_xl":0.6200888214544912}
